Cost Matrix C for 27 nodes
0.0000 209.1808 383.4721 94.5968 39.4963 329.4660 192.4515 417.4166 324.2508 36.4695 378.1111 152.2610 385.0613 141.1526 434.4573 353.6182 66.5922 367.1929 426.4146 444.0124 29.5252 251.9147 201.8487 225.5091 364.3192 204.8278 117.3233
209.1808 0.0000 356.9068 187.4556 176.4077 200.5693 94.8219 296.5710 236.5994 245.2169 369.6317 62.7443 175.8847 98.7250 352.8279 370.5544 234.2132 255.5282 355.8764 343.0849 200.2413 55.1768 63.2755 64.9683 161.4580 25.2623 212.0317
383.4721 356.9068 0.0000 450.5482 352.2608 198.1341 265.9213 175.3750 135.7123 393.7047 32.4875 374.7034 421.1520 295.6272 106.6048 76.6018 332.8066 158.3188 84.9001 144.2078 404.9569 328.7866 294.0660 294.7583 359.5618 380.3494 267.9769
94.5968 187.4556 450.5482 0.0000 105.2875 357.0980 215.2602 452.0234 368.0966 119.6953 450.1929 125.2116 353.7844 166.7146 485.0427 431.5758 160.2593 403.8417 480.7132 487.5616 65.2235 240.7811 209.4738 229.3767 348.5114 172.2203 198.5464
39.4963 176.4077 352.2608 105.2875 0.0000 290.1289 153.0687 378.7359 286.4912 71.3113 349.1531 124.2200 351.6133 102.0348 398.3325 327.9250 66.8009 328.6169 391.1519 406.5604 52.9786 215.8184 163.6408 187.4552 327.8850 175.2340 93.2885
329.4660 200.5693 198.1341 357.0980 290.1289 0.0000 142.2409 96.8611 63.8232 356.1116 223.1106 244.2576 223.3086 193.2656 157.9125 246.4097 310.9858 56.2774 166.0294 143.0202 337.8649 154.7446 150.9971 137.3391 161.4516 225.7854 250.4302
192.4515 94.8219 265.9213 215.2602 153.0687 142.2409 0.0000 236.7812 157.4856 222.8323 276.4936 111.5350 229.8827 51.9579 276.2583 275.8224 188.8909 189.0263 275.5071 274.2966 197.4198 91.5162 33.3271 49.7843 190.0126 116.0677 144.0246
417.4166 296.5710 175.3750 452.0234 378.7359 96.8611 236.7812 0.0000 98.3210 441.0627 207.1137 341.0587 286.6896 286.3387 88.1930 244.8101 390.5604 50.3963 106.4411 56.1323 428.5815 248.2328 247.7366 234.0518 225.0716 321.6742 325.7728
324.2508 236.5994 135.7123 368.0966 286.4912 63.8232 157.4856 98.3210 0.0000 345.7914 159.5341 268.4123 285.6136 201.5933 118.7827 182.9894 293.4173 50.0961 119.4517 120.2825 337.9030 199.8679 177.7341 171.7491 224.3935 261.4998 227.9742
36.4695 245.2169 393.7047 119.6953 71.3113 356.1116 222.8323 441.0627 345.7914 0.0000 385.4235 188.7251 421.0419 172.7082 452.1135 357.1982 61.9177 390.6712 442.5553 464.3458 57.5690 286.7683 234.8838 258.7262 399.0020 241.2633 126.0059
378.1111 369.6317 32.4875 450.1929 349.1531 223.1106 276.4936 207.1137 159.5341 385.4235 0.0000 382.3658 444.7442 301.3120 138.7220 46.3579 323.7798 187.2139 116.7693 176.6467 401.1854 345.5315 306.3783 309.4121 383.8643 392.2434 261.1279
152.2610 62.7443 374.7034 125.2116 124.2200 244.2576 111.5350 341.0587 268.4123 188.7251 382.3658 0.0000 235.6988 82.8347 387.1314 375.6134 187.9393 295.9646 386.9506 382.8469 139.8522 115.5992 93.3616 108.9311 224.2013 52.7951 181.6564
385.0613 175.8847 421.1520 353.7844 351.6133 223.3086 229.8827 286.6896 285.6136 421.0419 444.7442 235.6988 0.0000 262.1535 370.1180 462.7847 405.9070 271.5096 383.1013 342.7958 375.3561 140.8760 201.5865 180.3417 62.6161 183.5926 372.1979
141.1526 98.7250 295.6272 166.7146 102.0348 193.2656 51.9579 286.3387 201.5933 172.7082 301.3120 82.8347 262.1535 0.0000 319.2768 292.9890 145.0241 237.5380 316.2110 320.8493 145.4680 121.6240 63.5872 87.4298 230.6216 110.7903 113.6073
434.4573 352.8279 106.6048 485.0427 398.3325 157.9125 276.2583 88.1930 118.7827 452.1135 138.7220 387.1314 370.1180 319.2768 0.0000 182.9169 395.2483 102.1911 22.3727 40.0820 450.8088 311.3415 295.8081 287.9042 307.6883 377.9874 328.2498
353.6182 370.5544 76.6018 431.5758 327.9250 246.4097 275.8224 244.8101 182.9894 357.1982 46.3579 375.6134 462.7847 292.9890 182.9169 0.0000 295.2868 218.4539 161.4366 219.5336 378.5087 353.0154 307.6697 314.2079 403.6754 391.6294 236.4683
66.5922 234.2132 332.8066 160.2593 66.8009 310.9858 188.8909 390.5604 293.4173 61.9177 323.7798 187.9393 405.9070 145.0241 395.2483 295.2868 0.0000 340.3202 384.5843 409.8541 95.9338 266.2501 208.3675 231.9855 375.5088 236.7420 67.0027
367.1929 255.5282 158.3188 403.8417 328.6169 56.2774 189.0263 50.3963 50.0961 390.6712 187.2139 295.9646 271.5096 237.5380 102.1911 218.4539 340.3202 0.0000 112.2020 87.5866 378.7620 210.9193 202.7477 191.3815 208.9018 280.7892 275.8149
426.4146 355.8764 84.9001 480.7132 391.1519 166.0294 275.5071 106.4411 119.4517 442.5553 116.7693 386.9506 383.1013 316.2110 22.3727 161.4366 384.5843 112.2020 0.0000 62.1802 443.9290 316.8734 297.1072 290.9417 320.5032 380.8522 317.6470
444.0124 343.0849 144.2078 487.5616 406.5604 143.0202 274.2966 56.1323 120.2825 464.3458 176.6467 382.8469 342.7958 320.8493 40.0820 219.5336 409.8541 87.5866 62.1802 0.0000 458.1460 297.6090 289.8702 278.9601 281.0702 368.3432 343.2763
29.5252 200.2413 404.9569 65.2235 52.9786 337.8649 197.4198 428.5815 337.9030 57.5690 401.1854 139.8522 375.3561 145.4680 450.8088 378.5087 95.9338 378.7620 443.9290 458.1460 0.0000 247.0558 201.9856 224.9325 359.2263 192.5368 142.1842
251.9147 55.1768 328.7866 240.7811 215.8184 154.7446 91.5162 248.2328 199.8679 286.7683 345.5315 115.5992 140.8760 121.6240 311.3415 353.0154 266.2501 210.9193 316.8734 297.6090 247.0558 0.0000 61.0216 42.2234 112.4454 77.6191 231.5281
201.8487 63.2755 294.0660 209.4738 163.6408 150.9971 33.3271 247.7366 177.7341 234.8838 306.3783 93.3616 201.5865 63.5872 295.8081 307.6697 208.3675 202.7477 297.1072 289.8702 201.9856 61.0216 0.0000 23.9214 167.1423 86.2881 170.6197
225.5091 64.9683 294.7583 229.3767 187.4552 137.3391 49.7843 234.0518 171.7491 258.7262 309.4121 108.9311 180.3417 87.4298 287.9042 314.2079 231.9855 191.3815 290.9417 278.9601 224.9325 42.2234 23.9214 0.0000 143.5936 90.0842 192.3198
364.3192 161.4580 359.5618 348.5114 327.8850 161.4516 190.0126 225.0716 224.3935 399.0020 383.8643 224.2013 62.6161 230.6216 307.6883 403.6754 375.5088 208.9018 320.5032 281.0702 359.2263 112.4454 167.1423 143.5936 0.0000 177.0678 333.9871
204.8278 25.2623 380.3494 172.2203 175.2340 225.7854 116.0677 321.6742 261.4998 241.2633 392.2434 52.7951 183.5926 110.7903 377.9874 391.6294 236.7420 280.7892 380.8522 368.3432 192.5368 77.6191 86.2881 90.0842 177.0678 0.0000 221.5437
117.3233 212.0317 267.9769 198.5464 93.2885 250.4302 144.0246 325.7728 227.9742 126.0059 261.1279 181.6564 372.1979 113.6073 328.2498 236.4683 67.0027 275.8149 317.6470 343.2763 142.1842 231.5281 170.6197 192.3198 333.9871 221.5437 0.0000
Demand Matrix W for 27 nodes
0.0000 0.0000 0.0000 75.6214 44.1510 0.0000 0.0000 0.0000 0.0000 0.0000 0.0000 12.8890 0.0000 28.9885 0.0000 0.0000 0.0000 0.0000 0.0000 0.0000 0.0000 32.1965 0.0000 62.6127 0.0000 0.0000 99.7784
0.0000 0.0000 14.2405 66.4701 0.0000 0.0000 44.3457 0.0000 0.0000 0.0000 0.0000 74.8650 0.0000 0.0000 67.6866 49.1289 0.0000 0.0000 0.0000 55.0528 92.1365 0.0000 67.5055 0.0000 78.6260 0.0000 0.0000
0.0000 39.1740 0.0000 93.6189 0.0000 0.0000 0.0000 89.0209 0.0000 53.7391 78.4542 0.0000 52.7754 0.0000 88.5190 0.0000 58.5366 0.0000 38.0545 0.0000 0.0000 0.0000 0.0000 30.2228 0.0000 0.0000 29.8196
66.7993 91.4878 0.0000 0.0000 31.4204 0.0000 21.9081 0.0000 0.0000 0.0000 0.0000 0.0000 18.7238 0.0000 0.0000 0.0000 0.0000 0.0000 0.0000 46.2359 0.0000 0.0000 27.1188 0.0000 0.0000 32.4826 0.0000
0.0000 0.0000 0.0000 99.9354 0.0000 0.0000 0.0000 0.0000 0.0000 53.7077 46.0936 44.1076 0.0000 80.5664 0.0000 0.0000 0.0000 0.0000 0.0000 0.0000 36.7037 0.0000 0.0000 0.0000 0.0000 62.5760 0.0000
0.0000 96.4701 26.7242 0.0000 0.0000 0.0000 20.7898 0.0000 63.5067 0.0000 0.0000 0.0000 0.0000 0.0000 74.4573 45.6207 0.0000 38.4559 0.0000 51.2457 0.0000 0.0000 29.1839 93.9933 0.0000 0.0000 0.0000
85.0370 0.0000 0.0000 0.0000 0.0000 83.5394 0.0000 69.7050 0.0000 20.3886 59.7901 64.4347 0.0000 67.0814 53.9679 0.0000 0.0000 48.1218 10.3191 0.0000 0.0000 76.7108 0.0000 0.0000 16.7719 0.0000 0.0000
0.0000 0.0000 0.0000 21.4701 0.0000 0.0000 0.0000 0.0000 0.0000 0.0000 32.4577 80.2105 0.0000 0.0000 0.0000 93.6893 0.0000 0.0000 0.0000 0.0000 76.2908 0.0000 0.0000 0.0000 0.0000 0.0000 80.8637
88.4950 0.0000 83.4928 0.0000 0.0000 0.0000 12.1298 39.5436 0.0000 0.0000 0.0000 67.7334 0.0000 0.0000 0.0000 0.0000 97.3361 96.6281 19.7562 0.0000 0.0000 0.0000 0.0000 0.0000 0.0000 0.0000 73.7907
93.3018 0.0000 0.0000 0.0000 0.0000 0.0000 69.7814 0.0000 0.0000 0.0000 0.0000 0.0000 0.0000 0.0000 0.0000 0.0000 21.4559 0.0000 0.0000 0.0000 0.0000 0.0000 0.0000 0.0000 35.8222 0.0000 0.0000
0.0000 0.0000 0.0000 52.5868 0.0000 0.0000 17.6316 0.0000 0.0000 0.0000 0.0000 0.0000 0.0000 0.0000 27.9217 32.0358 0.0000 0.0000 47.2997 0.0000 72.6719 0.0000 69.0452 77.5868 0.0000 48.2632 96.2169
0.0000 32.4278 0.0000 0.0000 0.0000 0.0000 0.0000 0.0000 0.0000 0.0000 0.0000 0.0000 0.0000 0.0000 0.0000 0.0000 0.0000 0.0000 0.0000 32.2516 0.0000 0.0000 0.0000 0.0000 16.9735 34.4544 0.0000
0.0000 30.8135 0.0000 0.0000 46.6839 0.0000 0.0000 47.8129 0.0000 0.0000 0.0000 0.0000 0.0000 0.0000 0.0000 41.6583 0.0000 0.0000 0.0000 0.0000 0.0000 0.0000 0.0000 29.7479 0.0000 40.2517 0.0000
0.0000 52.0651 66.0031 45.4618 0.0000 67.8475 51.5529 44.1193 39.4161 0.0000 0.0000 0.0000 0.0000 0.0000 17.3716 58.5477 0.0000 0.0000 0.0000 0.0000 0.0000 0.0000 0.0000 11.8342 21.3599 0.0000 0.0000
72.9518 0.0000 64.6523 0.0000 83.7371 0.0000 12.3111 0.0000 0.0000 0.0000 0.0000 0.0000 72.1553 0.0000 0.0000 79.5233 0.0000 0.0000 98.5460 0.0000 0.0000 0.0000 0.0000 0.0000 0.0000 0.0000 0.0000
96.4709 0.0000 0.0000 0.0000 0.0000 0.0000 0.0000 82.7379 0.0000 0.0000 0.0000 0.0000 86.6542 0.0000 89.3468 0.0000 51.8238 0.0000 0.0000 86.5858 29.0908 0.0000 0.0000 0.0000 0.0000 10.9136 0.0000
74.8067 0.0000 0.0000 0.0000 0.0000 0.0000 0.0000 29.9437 0.0000 0.0000 0.0000 0.0000 0.0000 0.0000 0.0000 0.0000 0.0000 0.0000 32.6263 27.3326 58.2278 0.0000 29.4746 0.0000 0.0000 0.0000 0.0000
19.0473 30.4735 11.2734 0.0000 97.6865 0.0000 0.0000 88.1615 0.0000 0.0000 0.0000 0.0000 0.0000 14.6239 0.0000 0.0000 0.0000 0.0000 0.0000 66.6501 23.4278 0.0000 0.0000 0.0000 78.7999 0.0000 0.0000
57.0315 0.0000 0.0000 0.0000 0.0000 0.0000 0.0000 0.0000 0.0000 0.0000 28.9923 0.0000 25.6432 10.2408 0.0000 0.0000 30.8329 0.0000 0.0000 0.0000 0.0000 0.0000 0.0000 0.0000 0.0000 0.0000 0.0000
0.0000 0.0000 0.0000 0.0000 0.0000 24.9331 0.0000 0.0000 0.0000 21.1918 0.0000 0.0000 0.0000 0.0000 0.0000 13.5875 0.0000 0.0000 18.2194 0.0000 0.0000 0.0000 0.0000 0.0000 0.0000 0.0000 13.6209
0.0000 0.0000 0.0000 0.0000 62.6797 0.0000 0.0000 41.3165 0.0000 0.0000 0.0000 0.0000 0.0000 95.0674 0.0000 0.0000 0.0000 0.0000 0.0000 0.0000 0.0000 0.0000 0.0000 0.0000 0.0000 0.0000 0.0000
42.5601 0.0000 0.0000 0.0000 59.4298 0.0000 0.0000 0.0000 97.5832 0.0000 24.2540 0.0000 0.0000 99.3031 0.0000 0.0000 84.8929 0.0000 0.0000 0.0000 85.1252 0.0000 0.0000 59.6139 0.0000 0.0000 0.0000
0.0000 0.0000 81.1006 0.0000 0.0000 0.0000 0.0000 36.8700 0.0000 0.0000 0.0000 58.4723 0.0000 0.0000 0.0000 0.0000 0.0000 72.7749 0.0000 79.7990 77.0235 0.0000 0.0000 0.0000 0.0000 0.0000 0.0000
0.0000 0.0000 55.2062 0.0000 0.0000 0.0000 0.0000 0.0000 0.0000 0.0000 0.0000 0.0000 52.2542 0.0000 0.0000 0.0000 0.0000 0.0000 0.0000 0.0000 0.0000 0.0000 0.0000 0.0000 0.0000 0.0000 16.1579
0.0000 0.0000 0.0000 0.0000 0.0000 67.0373 0.0000 0.0000 0.0000 0.0000 81.6529 43.7357 57.8050 0.0000 0.0000 17.1072 0.0000 0.0000 92.1546 51.5035 32.9794 82.4170 0.0000 0.0000 0.0000 49.7557 0.0000
0.0000 0.0000 0.0000 86.0774 44.6224 0.0000 61.4730 0.0000 0.0000 98.0150 0.0000 60.9336 0.0000 0.0000 64.5766 0.0000 0.0000 81.8974 0.0000 0.0000 0.0000 0.0000 0.0000 0.0000 0.0000 0.0000 0.0000
0.0000 0.0000 0.0000 0.0000 0.0000 0.0000 0.0000 36.5599 0.0000 21.8944 0.0000 0.0000 0.0000 0.0000 0.0000 84.2221 0.0000 0.0000 0.0000 0.0000 96.6604 96.9850 0.0000 0.0000 0.0000 0.0000 0.0000
Lat Lon Places for 27 nodes
17.4774 108.4368 Demand_1
16.2127 109.1716 Demand_2
15.3672 106.7608 Demand_3
17.5086 109.1222 Demand_4
17.2043 108.4289 Demand_5
15.2124 108.1727 Demand_6
16.1471 108.4920 Demand_7
14.6594 107.7810 Demand_8
15.3380 107.7339 Demand_9
17.6741 108.2711 Demand_10
15.5366 106.6077 Demand_11
16.6425 109.1086 Demand_12
15.1419 109.7717 Demand_13
16.5049 108.5282 Demand_14
14.7357 107.1552 Demand_15
15.8488 106.5314 Demand_16
17.3550 107.9714 Demand_17
15.0046 107.8317 Demand_18
14.8478 107.0449 Demand_19
14.5755 107.3892 Demand_20
17.5046 108.6491 Hub_1
15.8437 109.0700 Hub_2
16.1093 108.7287 Hub_3
15.9543 108.7889 Hub_4
15.1055 109.3246 Hub_5
16.3303 109.3062 External_1
16.9126 107.8267 External_2
