Cost Matrix C for 25 nodes
0.0000 10442.9163 13921.7239 23436.5147 42133.9683 15343.0579 17080.1165 21071.6961 26354.3887 34367.5148 20136.2537 23357.2901 27341.0530 31380.0617 37982.1950 26704.8479 29780.9854 32917.8179 33108.6402 38718.9180 34285.5083 33040.0120 34627.8397 36630.7152 38450.0391
10442.9163 0.0000 5296.0423 13431.9226 31691.4066 17428.0373 12444.7091 14705.3128 18664.9711 25834.2028 22103.3090 21044.3190 22158.7986 24921.4602 30273.0284 26857.2690 28316.4513 30006.7579 29158.0320 32034.9851 38372.5247 33515.9204 31843.0973 33568.0938 34276.8495
13921.7239 5296.0423 0.0000 13674.9206 29377.4499 22722.3331 16976.7918 18351.0806 21201.4944 27306.3227 27373.9557 25766.6488 25917.6563 27939.4388 32294.4399 31916.8698 33066.5865 34353.2498 33181.3949 34700.9939 43668.4497 38555.5011 36193.0577 37803.1958 38110.1683
23436.5147 13431.9226 13674.9206 0.0000 19832.4296 23263.1755 13294.5404 10852.6271 9807.1945 13877.7144 26346.1328 20434.1565 16818.7048 16670.9091 19219.6693 27841.0428 26907.1122 26277.3818 24072.8653 22377.1908 42439.6426 33742.5866 27984.8303 29063.5190 28094.7555
42133.9683 31691.4066 29377.4499 19832.4296 0.0000 42862.5321 32670.8905 29191.9521 24984.9428 20819.8348 45429.8360 38128.9957 32174.6489 28979.3610 25323.1511 45448.3279 43149.3053 40766.0865 37707.8019 30170.0015 60736.6626 50348.2291 42053.4876 42304.8425 39614.4980
15343.0579 17428.0373 22722.3331 23263.1755 42862.5321 0.0000 10227.9483 14273.3616 19850.0761 27930.6830 4930.1145 10048.2275 16594.5721 21684.7658 29444.6343 11415.1117 14996.5761 18907.9415 20013.2534 28418.7443 20952.3710 17700.2057 20413.4472 22510.4335 25153.6397
17080.1165 12444.7091 16976.7918 13294.5404 32670.8905 10227.9483 0.0000 4512.2323 10314.9721 18649.7002 13060.2029 8821.7653 10359.0936 14337.7733 21334.5289 15529.7972 16111.7308 17563.4226 16867.7466 21666.6574 29331.9193 21992.2076 19398.9503 21142.9557 22105.1465
21071.6961 14705.3128 18351.0806 10852.6271 29191.9521 14273.3616 4512.2323 0.0000 5805.8101 14137.8331 16255.3274 9581.5565 7567.6941 10447.1282 16987.2457 16998.4529 16237.8591 16373.5746 14874.5640 17754.5562 31816.4619 22926.2154 18186.9422 19629.8260 19761.4008
26354.3887 18664.9711 21201.4944 9807.1945 24984.9428 19850.0761 10314.9721 5805.8101 0.0000 8337.9055 21220.7446 13216.2124 7531.5827 6972.4232 11715.4995 20467.2463 18382.7065 16891.8347 14417.4679 13508.3361 35804.0940 25531.9431 18502.7929 19411.6941 18287.5641
34367.5148 25834.2028 27306.3227 13877.7144 20819.8348 27930.6830 18649.7002 14137.8331 8337.9055 0.0000 28732.8023 20072.6388 12922.0267 8558.9369 5693.1713 26619.0237 23382.2920 20296.7160 17103.4849 9988.3731 41981.3790 30491.7642 21427.5293 21531.3836 18817.8939
20136.2537 22103.3090 27373.9557 26346.1328 45429.8360 4930.1145 13060.2029 16255.3274 21220.7446 28732.8023 0.0000 8945.3490 16285.4474 21451.2438 29292.1748 7134.0164 11489.0767 16018.2293 17814.8317 27472.2896 16537.7497 12969.5484 17261.9805 19362.3125 22555.9795
23357.2901 21044.3190 25766.6488 20434.1565 38128.9957 10048.2275 8821.7653 9581.5565 13216.2124 20072.6388 8945.3490 0.0000 7364.9574 12512.4591 20348.2918 7446.2790 7299.9457 9564.5330 10068.4972 18663.4109 22608.9538 13430.7753 11303.0807 13277.7884 15334.4599
27341.0530 22158.7986 25917.6563 16818.7048 32174.6489 16594.5721 10359.0936 7567.6941 7531.5827 12922.0267 16285.4474 7364.9574 0.0000 5180.4638 13029.1813 13721.3768 10977.6808 9467.6667 7424.6516 11912.9917 29123.6263 18174.1211 11166.8116 12340.0925 12193.7228
31380.0617 24921.4602 27939.4388 16670.9091 28979.3610 21684.7658 14337.7733 10447.1282 6972.4232 8558.9369 21451.2438 12512.4591 5180.4638 0.0000 7848.9681 18367.8216 14860.7232 11814.9493 8733.0847 7339.2750 33602.0847 21938.7939 13077.1229 13477.4825 11613.4045
37982.1950 30273.0284 32294.4399 19219.6693 25323.1511 29444.6343 21334.5289 16987.2457 11715.4995 5693.1713 29292.1748 20348.2918 13029.1813 7848.9681 0.0000 25824.7868 21835.1334 17870.9455 14561.3426 4857.3592 40743.9733 28549.4985 18591.1071 18189.2278 14781.7892
26704.8479 26857.2690 31916.8698 27841.0428 45448.3279 11415.1117 15529.7972 16998.4529 20467.2463 26619.0237 7134.0164 7446.2790 13721.3768 18367.8216 25824.7868 0.0000 4904.0947 9818.5077 12356.7399 23042.0438 15417.4697 6663.0871 10698.8037 12728.8568 16367.3403
29780.9854 28316.4513 33066.5865 26907.1122 43149.3053 14996.5761 16111.7308 16237.8591 18382.7065 23382.2920 11489.0767 7299.9457 10977.6808 14860.7232 21835.1334 4904.0947 0.0000 4931.1825 7704.9584 18622.3961 18908.8412 7200.7005 5839.1332 7911.6066 11463.2809
32917.8179 30006.7579 34353.2498 26277.3818 40766.0865 18907.9415 17563.4226 16373.5746 16891.8347 20296.7160 16018.2293 9564.5330 9467.6667 11814.9493 17870.9455 9818.5077 4931.1825 0.0000 3311.0014 14174.8443 23222.3395 10725.4709 1840.3933 3713.3420 6586.3569
33108.6402 29158.0320 33181.3949 24072.8653 37707.8019 20013.2534 16867.7466 14874.5640 14417.4679 17103.4849 17814.8317 10068.4972 7424.6516 8733.0847 14561.3426 12356.7399 7704.9584 3311.0014 0.0000 10971.7921 26412.5185 14010.0522 4345.7505 4996.8465 5341.4125
38718.9180 32034.9851 34700.9939 22377.1908 30170.0015 28418.7443 21666.6574 17754.5562 13508.3361 9988.3731 27472.2896 18663.4109 11912.9917 7339.2750 4857.3592 23042.0438 18622.3961 14174.8443 10971.7921 0.0000 37378.6641 24880.7793 14575.9926 13862.8089 10151.7559
34285.5083 38372.5247 43668.4497 42439.6426 60736.6626 20952.3710 29331.9193 31816.4619 35804.0940 41981.3790 16537.7497 22608.9538 29123.6263 33602.0847 40743.9733 15417.4697 18908.8412 23222.3395 26412.5185 37378.6641 0.0000 12703.9441 23126.1647 24511.8829 28749.6802
33040.0120 33515.9204 38555.5011 33742.5866 50348.2291 17700.2057 21992.2076 22926.2154 25531.9431 30491.7642 12969.5484 13430.7753 18174.1211 21938.7939 28549.4985 6663.0871 7200.7005 10725.4709 14010.0522 24880.7793 12703.9441 0.0000 10448.0763 11815.4655 16048.8497
34627.8397 31843.0973 36193.0577 27984.8303 42053.4876 20413.4472 19398.9503 18186.9422 18502.7929 21427.5293 17261.9805 11303.0807 11166.8116 13077.1229 18591.1071 10698.8037 5839.1332 1840.3933 4345.7505 14575.9926 23126.1647 10448.0763 0.0000 2108.4274 5828.3149
36630.7152 33568.0938 37803.1958 29063.5190 42304.8425 22510.4335 21142.9557 19629.8260 19411.6941 21531.3836 19362.3125 13277.7884 12340.0925 13477.4825 18189.2278 12728.8568 7911.6066 3713.3420 4996.8465 13862.8089 24511.8829 11815.4655 2108.4274 0.0000 4242.2926
38450.0391 34276.8495 38110.1683 28094.7555 39614.4980 25153.6397 22105.1465 19761.4008 18287.5641 18817.8939 22555.9795 15334.4599 12193.7228 11613.4045 14781.7892 16367.3403 11463.2809 6586.3569 5341.4125 10151.7559 28749.6802 16048.8497 5828.3149 4242.2926 0.0000
Demand Matrix W for 25 nodes
5.3455 5.7178 6.7574 3.0478 1.9721 3.4264 6.6682 2.1569 1.7687 1.2004 1.5268 1.8599 1.9493 1.4931 1.4797 2.1228 3.4611 6.4870 1.4549 1.9253 1.2407 2.2942 1.5564 1.1625 1.5006
17.4304 18.7126 22.3257 9.4366 5.6802 10.8678 22.0500 6.6510 5.2437 3.2264 4.2439 5.5759 5.8795 4.3065 3.9680 6.3704 11.1372 21.1460 3.5158 5.7244 3.3103 7.0756 4.4226 3.1775 4.4329
7.0048 7.5032 8.8823 3.9293 2.4773 4.4555 8.7762 2.7764 2.2504 1.4743 1.8982 2.3779 2.4820 1.8680 1.8107 2.6885 4.5154 8.4661 1.7110 2.4379 1.5252 2.9617 1.9347 1.4155 1.8858
3.5545 3.7889 4.4460 11.7217 6.9700 2.9418 4.5614 8.2875 6.5114 3.2619 2.0686 3.5795 7.1761 5.0749 4.0308 2.9628 5.1677 12.1794 3.5726 5.8293 1.6659 3.2500 2.9166 2.1444 4.5113
2.3958 2.5440 2.9505 7.4909 4.5314 2.0185 3.0293 5.3099 4.2226 2.2111 1.4793 2.4033 4.6370 3.3201 2.7132 2.0413 3.3947 7.8048 2.4970 3.8111 1.2222 2.1989 2.0098 1.5013 2.9808
4.5013 4.8128 5.6673 3.1427 2.0271 3.7950 5.8313 2.2214 1.8202 1.5911 2.6938 3.1347 2.0103 1.6594 1.9601 3.9343 6.7015 11.5108 1.8361 2.6657 2.1313 4.3581 2.4374 1.7697 2.0676
16.9737 18.2389 21.7107 9.4003 5.6281 10.9064 21.5019 6.5374 5.1617 3.2858 4.6575 5.9872 5.7195 4.2626 4.0794 6.9869 12.2990 23.1045 3.5763 5.8968 3.6059 7.8070 4.6602 3.3200 4.4974
4.6865 5.0233 5.9475 13.6922 8.0665 3.6711 5.9978 9.5655 7.4815 3.6628 2.3561 4.1277 8.2812 5.7695 4.5567 3.4099 6.1492 14.6948 3.9097 6.6682 1.8256 3.8210 3.2630 2.3252 5.0600
2.3264 2.4752 2.8878 7.4813 4.5105 1.9420 2.9320 5.2458 4.1570 2.1349 1.4140 2.3147 4.5916 3.2390 2.6405 1.9504 3.2850 7.7339 2.3748 3.7172 1.1430 2.1082 1.9099 1.3891 2.8424
1.2324 1.2856 1.4681 2.0126 1.3780 1.2195 1.5393 1.4069 1.1875 2.4682 1.0954 1.5111 1.3130 1.5774 3.0562 1.4646 2.4438 10.7481 2.6918 4.3543 0.9073 1.5393 2.5446 1.8422 3.3388
1.2772 1.3341 1.5166 1.5819 1.1381 2.0561 1.8109 1.1443 0.9946 1.2039 2.3312 2.5599 1.0845 1.0237 1.4770 3.3759 5.7230 9.4404 1.4514 1.9316 1.8461 3.7379 1.9565 1.4294 1.4962
2.7635 2.9358 3.4540 4.3317 2.6915 4.4714 4.1112 2.9799 2.3912 2.8462 5.0131 5.8173 2.6581 2.4331 3.5438 7.5593 13.2593 23.6988 3.0778 5.1100 3.8556 8.4540 4.5753 3.2296 3.8807
3.0857 3.2893 3.8694 10.3630 6.1585 2.5426 3.9459 7.2265 5.6755 2.8125 1.7887 3.0810 6.2764 4.3882 3.4994 2.5469 4.4523 10.7342 3.0631 5.0455 1.4340 2.7913 2.4943 1.8120 3.8378
1.5985 1.6784 1.9576 4.3118 2.6703 1.4102 1.9987 2.9480 2.3722 2.1209 1.1338 1.7049 2.6383 2.1505 2.6494 1.5435 2.5844 8.7655 2.3173 3.7442 0.9243 1.6253 2.0502 1.4581 2.8028
1.7666 1.8509 2.1368 2.9637 1.9468 1.7463 2.2502 2.0662 1.7191 3.7151 1.5345 2.2277 1.8944 2.3318 4.6058 2.1183 3.6987 16.6023 3.9695 6.6802 1.2586 2.2720 3.8322 2.7699 5.1225
3.0297 3.2290 3.7919 3.9078 2.4814 5.4148 4.6452 2.6971 2.1896 2.8343 6.2686 7.0496 2.4264 2.2907 3.5236 9.4923 16.6567 27.6048 3.0731 5.0395 4.8174 10.6494 5.1657 3.6328 3.8126
6.8075 7.3027 8.6615 8.9019 5.3346 12.4416 10.7198 6.1680 4.8567 6.5592 14.4491 16.4822 5.3939 5.2192 8.1545 22.2589 39.3120 65.9295 6.8332 12.1209 11.0050 24.9697 12.2047 8.5179 9.2645
21.8379 23.4605 27.9319 31.0029 18.1390 22.5845 30.0739 21.8841 17.0083 25.3435 19.2810 26.5315 18.8726 19.2994 31.5144 29.8323 54.4070 101.5656 26.1608 47.5848 14.6793 33.3728 48.2594 34.1711 36.6216
7.3439 7.8508 9.2884 13.4839 8.0785 7.2753 9.8454 9.4352 7.4284 17.2368 6.0842 9.9519 8.2452 10.5683 21.4276 9.1271 17.3556 81.1022 17.8101 32.1630 4.7057 10.1416 17.8115 12.7919 24.7074
2.4289 2.5747 3.0075 4.2414 2.6672 2.4117 3.1645 2.9309 2.3770 5.4301 2.0705 3.1757 2.6355 3.3287 6.7386 2.9491 5.4036 24.9860 5.6847 9.9519 1.6494 3.2400 5.5922 4.0251 7.6182
1.1049 1.1497 1.2975 1.3566 1.0119 1.7249 1.5401 0.9886 0.8888 1.0422 1.9507 2.1178 0.9483 0.8860 1.2781 2.7831 4.6586 7.6764 1.2795 1.6221 1.5639 3.0650 1.6502 1.2160 1.2537
2.3583 2.5048 2.9239 3.0092 1.9447 4.1232 3.5641 2.1009 1.7248 2.2024 4.7597 5.3312 1.9100 1.8101 2.7277 7.1509 12.4532 20.5045 2.4318 3.8524 3.6846 8.0036 3.9480 2.8021 2.9536
3.4217 3.6418 4.2809 5.3114 3.2860 4.2381 4.7521 3.6985 2.9757 5.6617 4.1672 5.4674 3.2830 3.7671 7.0312 6.2148 11.1782 36.0773 5.9432 10.3848 3.2351 6.9392 18.7163 13.2478 7.9506
2.1629 2.2901 2.6760 3.4597 2.1948 2.4787 2.8997 2.3915 1.9509 3.8981 2.3476 3.1725 2.1604 2.5351 4.8459 3.4021 6.1074 22.1477 4.1223 7.1024 1.8422 3.7863 9.9017 7.0323 5.4221
3.1198 3.3293 3.9213 5.5923 3.4279 3.1040 4.1052 3.8329 3.0550 7.2394 2.6256 4.1647 3.4082 4.3778 8.9965 3.8048 7.2005 33.8825 7.4941 13.4096 2.0430 4.2577 7.4511 5.3423 10.2613
Lat Lon Places for 25 nodes
12636.4587 19644.9373 AP_Node_1
22994.5348 18316.4944 AP_Node_2
25109.3786 13461.0336 AP_Node_3
35977.2280 21761.2325 AP_Node_4
54465.3617 14583.8948 AP_Node_5
16506.5819 34491.8754 AP_Node_6
25889.0153 30419.9141 AP_Node_7
30357.6537 31045.6225 AP_Node_8
36139.9990 31567.0761 AP_Node_9
44386.0534 32801.2784 AP_Node_10
16426.2829 39421.3360 AP_Node_11
25369.5070 39226.3693 AP_Node_12
32669.6592 38251.4968 AP_Node_13
37849.5776 38326.6639 AP_Node_14
45698.5325 38341.0977 AP_Node_15
20768.8683 45081.3839 AP_Node_16
25455.4214 46525.8094 AP_Node_17
30305.0163 47419.1125 AP_Node_18
33111.9143 45662.9651 AP_Node_19
43694.2523 42765.6654 AP_Node_20
7921.6441 53604.7165 AP_Node_21
20487.7722 51738.5390 AP_Node_22
30630.3626 49230.5200 AP_Node_23
32246.7284 50584.3397 AP_Node_24
36425.4040 49852.4130 AP_Node_25
