Cost Matrix C for 25 nodes
0.0000 576.9631 946.4954 597.5972 373.8127 559.7673 709.0215 1208.3280 603.6477 695.2080 680.7090 1936.5720 332.4644 592.5679 908.7715 426.1877 756.1987 672.5906 1590.2240 527.3008 483.4673 2140.9780 2184.4021 408.1648 540.7388
576.9631 0.0000 369.5327 613.0386 429.1079 312.8831 1196.4890 1502.1400 405.8975 1241.9611 960.3459 2318.0759 786.5959 949.5669 938.7461 999.5005 179.2426 96.2744 1999.5840 210.7656 736.3755 2456.2629 2339.5090 844.1663 36.4947
946.4954 369.5327 0.0000 858.3308 749.6018 556.0706 1541.2729 1764.7910 621.3306 1603.1650 1250.9620 2600.0779 1137.3350 1266.8510 1124.7780 1368.2670 190.3157 274.3105 2299.4290 494.2224 1043.4840 2703.4021 2503.8279 1188.5490 405.7886
597.5972 613.0386 858.3308 0.0000 255.0303 311.3071 790.1213 907.4331 237.0703 932.2173 406.3386 1741.8730 485.5564 1186.8580 345.8738 830.3635 720.4687 675.3437 1447.1040 403.8657 255.8823 1853.6169 1733.1320 1005.7610 592.0278
373.8127 429.1079 749.6018 255.0303 0.0000 225.8954 794.1726 1080.3740 238.9440 879.5647 533.1560 1889.5280 402.3291 947.3188 598.5410 700.4368 578.3286 512.3965 1570.7250 255.6551 307.3289 2036.1281 1967.2560 775.2390 399.2253
559.7673 312.8831 556.0706 311.3071 225.8954 0.0000 1009.6890 1216.8680 94.2588 1104.5740 694.9153 2047.1219 627.1150 1084.5000 626.1548 922.3181 409.3542 365.6853 1743.4320 104.6478 491.1125 2164.8550 2027.3190 933.1960 298.8486
709.0215 1196.4890 1541.2729 790.1213 794.1726 1009.6890 0.0000 663.8762 982.7378 221.4220 447.8044 1249.7629 411.1133 1097.6080 851.8228 423.7053 1362.8740 1288.9659 895.0908 1049.2660 537.6206 1493.8430 1686.6750 912.2104 1161.6760
1208.3280 1502.1400 1764.7910 907.4331 1080.3740 1216.8680 663.8762 0.0000 1143.7910 874.5181 551.6299 841.6240 880.0728 1714.6510 694.0088 1066.5630 1625.8700 1574.8220 593.4216 1301.5110 780.9512 955.8020 1024.5660 1519.1740 1475.4790
603.6477 405.8975 621.3306 237.0703 238.9440 94.2588 982.7378 1143.7910 0.0000 1094.9060 636.9045 1978.9430 620.4880 1151.8680 535.0244 936.2502 489.5645 453.2583 1682.4890 198.9058 450.2585 2086.8450 1936.3040 992.3379 392.9045
695.2080 1241.9611 1603.1650 932.2173 879.5647 1104.5740 221.4220 874.5181 1094.9060 0.0000 642.2092 1375.6350 477.4590 963.7202 1046.1190 305.3132 1417.0720 1337.6479 1017.3320 1125.0410 677.0608 1649.6190 1891.1660 795.2136 1205.7469
680.7090 960.3459 1250.9620 406.3386 533.1560 694.9153 447.8044 551.6299 636.9045 642.2092 0.0000 1358.2130 378.5906 1236.1920 405.0906 674.4790 1096.7120 1038.6450 1048.5389 768.1641 229.4867 1506.4510 1503.7939 1038.6240 931.7148
1936.5720 2318.0759 2600.0779 1741.8730 1889.5280 2047.1219 1249.7629 841.6240 1978.9430 1375.6350 1358.2130 0.0000 1608.0820 2335.8159 1530.5699 1661.7780 2453.3521 2396.7939 358.3762 2125.5120 1582.3690 361.5388 986.8149 2157.5171 2288.7480
332.4644 786.5959 1137.3350 485.5564 402.3291 627.1150 411.1133 880.0728 620.4880 477.4590 378.5906 1608.0820 0.0000 858.2510 700.8213 348.2725 955.6191 879.9795 1265.5730 651.1179 254.9977 1808.5200 1872.6960 660.5173 751.4614
592.5679 949.5669 1266.8510 1186.8580 947.3188 1084.5000 1097.6080 1714.6510 1151.8680 963.7202 1236.1920 2335.8159 858.2510 0.0000 1500.7740 675.7505 1098.2820 1021.6110 1977.6130 1015.1650 1065.5990 2591.4470 2725.7900 197.8015 923.2229
908.7715 938.7461 1124.7780 345.8738 598.5410 626.1548 851.8228 694.0088 535.0244 1046.1190 405.0906 1530.5699 700.8213 1500.7740 0.0000 1039.7700 1018.3990 987.8645 1280.7371 728.3743 450.3982 1589.8350 1401.3210 1311.2100 922.3145
426.1877 999.5005 1368.2670 830.3635 700.4368 922.3181 423.7053 1066.5630 936.2502 305.3132 674.4790 1661.7780 348.2725 675.7505 1039.7700 0.0000 1178.4390 1095.6570 1304.0430 918.5615 601.9917 1916.5780 2090.0891 496.4224 963.0435
756.1987 179.2426 190.3157 720.4687 578.3286 409.3542 1362.8740 1625.8700 489.5645 1417.0720 1096.7120 2453.3521 955.6191 1098.2820 1018.3990 1178.4390 0.0000 84.3365 2143.5649 328.7515 880.5469 2574.0820 2415.4890 1008.2000 215.5610
672.5906 96.2744 274.3105 675.3437 512.3965 365.6853 1288.9659 1574.8220 453.2583 1337.6479 1038.6450 2396.7939 879.9795 1021.6110 987.8645 1095.6570 84.3365 0.0000 2082.3159 273.4106 818.1228 2526.5620 2388.6890 926.6267 132.7684
1590.2240 1999.5840 2299.4290 1447.1040 1570.7250 1743.4320 895.0908 593.4216 1682.4890 1017.3320 1048.5389 358.3762 1265.5730 1977.6130 1280.7371 1304.0430 2143.5649 2082.3159 0.0000 1814.8300 1264.1930 661.6543 1129.3270 1800.0980 1968.6890
527.3008 210.7656 494.2224 403.8657 255.6551 104.6478 1049.2660 1301.5110 198.9058 1125.0410 768.1641 2125.5120 651.1179 1015.1650 728.3743 918.5615 328.7515 273.4106 1814.8300 0.0000 552.4229 2253.2109 2128.8279 875.2542 194.5945
483.4673 736.3755 1043.4840 255.8823 307.3289 491.1125 537.6206 780.9512 450.2585 677.0608 229.4867 1582.3690 254.9977 1065.5990 450.3982 601.9917 880.5469 818.1228 1264.1930 552.4229 0.0000 1735.9370 1712.1360 871.6396 706.5024
2140.9780 2456.2629 2703.4021 1853.6169 2036.1281 2164.8550 1493.8430 955.8020 2086.8450 1649.6190 1506.4510 361.5388 1808.5200 2591.4470 1589.8350 1916.5780 2574.0820 2526.5620 661.6543 2253.2109 1735.9370 0.0000 694.9363 2404.8391 2430.2690
2184.4021 2339.5090 2503.8279 1733.1320 1967.2560 2027.3190 1686.6750 1024.5660 1936.3040 1891.1660 1503.7939 986.8149 1872.6960 2725.7900 1401.3210 2090.0891 2415.4890 2388.6890 1129.3270 2128.8279 1712.1360 694.9363 0.0000 2528.4790 2321.8730
408.1648 844.1663 1188.5490 1005.7610 775.2390 933.1960 912.2104 1519.1740 992.3379 795.2136 1038.6240 2157.5171 660.5173 197.8015 1311.2100 496.4224 1008.2000 926.6267 1800.0980 875.2542 871.6396 2404.8391 2528.4790 0.0000 813.5513
540.7388 36.4947 405.7886 592.0278 399.2253 298.8486 1161.6760 1475.4790 392.9045 1205.7469 931.7148 2288.7480 751.4614 923.2229 922.3145 963.0435 215.5610 132.7684 1968.6890 194.5945 706.5024 2430.2690 2321.8730 813.5513 0.0000
Demand Matrix W for 25 nodes
0.0000 6469.0000 7629.0000 20036.0000 4690.0000 6194.0000 11688.0000 2243.0000 8857.0000 7248.0000 3559.0000 9221.0000 10099.0000 22866.0000 3388.0000 9986.0000 46618.0000 11639.0000 1380.0000 5261.0000 5985.0000 6731.0000 2704.0000 12250.0000 16132.0000
6469.0000 0.0000 12999.0000 13692.0000 3322.0000 5576.0000 3878.0000 3202.0000 6699.0000 4198.0000 2454.0000 7975.0000 1186.0000 7443.0000 1162.0000 5105.0000 24817.0000 6532.0000 806.0000 8184.0000 3896.0000 7333.0000 3719.0000 2015.0000 565.0000
7629.0000 12999.0000 0.0000 35135.0000 5956.0000 14121.0000 5951.0000 5768.0000 16578.0000 4242.0000 3365.0000 22254.0000 1841.0000 23665.0000 6517.0000 3541.0000 205088.0000 37669.0000 2885.0000 13200.0000 7116.0000 17165.0000 4284.0000 8085.0000 51895.0000
20036.0000 13692.0000 35135.0000 0.0000 19094.0000 35119.0000 21423.0000 27342.0000 51341.0000 15826.0000 28537.0000 65387.0000 12980.0000 44097.0000 51525.0000 14354.0000 172895.0000 37305.0000 15418.0000 26221.0000 42303.0000 35303.0000 13618.0000 17580.0000 40708.0000
4690.0000 3322.0000 5956.0000 19094.0000 0.0000 7284.0000 3102.0000 1562.0000 7180.0000 1917.0000 2253.0000 5951.0000 1890.0000 7097.0000 2009.0000 1340.0000 25303.0000 6031.0000 1041.0000 4128.0000 5452.0000 3344.0000 1067.0000 4608.0000 7050.0000
6194.0000 5576.0000 14121.0000 35119.0000 7284.0000 0.0000 5023.0000 3512.0000 10419.0000 3543.0000 2752.0000 14412.0000 2043.0000 15642.0000 5014.0000 2016.0000 62034.0000 15385.0000 2957.0000 5035.0000 7482.0000 6758.0000 2191.0000 6599.0000 14181.0000
11688.0000 3878.0000 5951.0000 21423.0000 3102.0000 5023.0000 0.0000 11557.0000 6479.0000 34261.0000 10134.0000 27350.0000 6929.0000 7961.0000 4678.0000 13511.0000 29801.0000 7549.0000 5550.0000 3089.0000 9958.0000 14110.0000 4911.0000 2722.0000 10802.0000
2243.0000 3202.0000 5768.0000 27342.0000 1562.0000 3512.0000 11557.0000 0.0000 5615.0000 7095.0000 10753.0000 30362.0000 1783.0000 3437.0000 8897.0000 2509.0000 23273.0000 5160.0000 8750.0000 2583.0000 7288.0000 17481.0000 7930.0000 1278.0000 8447.0000
8857.0000 6699.0000 16578.0000 51341.0000 7180.0000 10419.0000 6479.0000 5615.0000 0.0000 4448.0000 5076.0000 22463.0000 4783.0000 24609.0000 9969.0000 4224.0000 79945.0000 20001.0000 4291.0000 10604.0000 11925.0000 13091.0000 4172.0000 12891.0000 19500.0000
7248.0000 4198.0000 4242.0000 15826.0000 1917.0000 3543.0000 34261.0000 7095.0000 4448.0000 0.0000 4370.0000 17267.0000 3929.0000 8602.0000 2753.0000 20013.0000 28080.0000 5971.0000 2131.0000 3579.0000 6809.0000 8455.0000 2868.0000 2336.0000 5616.0000
3559.0000 2454.0000 3365.0000 28537.0000 2253.0000 2752.0000 10134.0000 10753.0000 5076.0000 4370.0000 0.0000 15287.0000 3083.0000 4092.0000 7701.0000 2809.0000 17291.0000 4462.0000 3239.0000 2309.0000 16003.0000 8381.0000 3033.0000 1755.0000 7266.0000
9221.0000 7975.0000 22254.0000 65387.0000 5951.0000 14412.0000 27350.0000 30362.0000 22463.0000 17267.0000 15287.0000 0.0000 5454.0000 15011.0000 17714.0000 10037.0000 105507.0000 20040.0000 31780.0000 10822.0000 16450.0000 92083.0000 32908.0000 3865.0000 24583.0000
10099.0000 1186.0000 1841.0000 12980.0000 1890.0000 2043.0000 6929.0000 1783.0000 4783.0000 3929.0000 3083.0000 5454.0000 0.0000 3251.0000 1126.0000 5926.0000 10653.0000 3062.0000 759.0000 1255.0000 6173.0000 2974.0000 1056.0000 1504.0000 4588.0000
22866.0000 7443.0000 23665.0000 44097.0000 7097.0000 15642.0000 7961.0000 3437.0000 24609.0000 8602.0000 4092.0000 15011.0000 3251.0000 0.0000 5550.0000 9473.0000 169397.0000 25073.0000 1170.0000 14272.0000 8543.0000 8064.0000 1840.0000 20618.0000 20937.0000
3388.0000 1162.0000 6517.0000 51525.0000 2009.0000 5014.0000 4678.0000 8897.0000 9969.0000 2753.0000 7701.0000 17714.0000 1126.0000 5550.0000 0.0000 2152.0000 26816.0000 6931.0000 4947.0000 2676.0000 8033.0000 12692.0000 6157.0000 3065.0000 12044.0000
9986.0000 5105.0000 3541.0000 14354.0000 1340.0000 2016.0000 13511.0000 2509.0000 4224.0000 20013.0000 2809.0000 10037.0000 5926.0000 9473.0000 2152.0000 0.0000 21806.0000 4519.0000 886.0000 1742.0000 4782.0000 6453.0000 2022.0000 3546.0000 5065.0000
46618.0000 24817.0000 205088.0000 172895.0000 25303.0000 62034.0000 29801.0000 23273.0000 79945.0000 28080.0000 17291.0000 105507.0000 10653.0000 169397.0000 26816.0000 21806.0000 0.0000 9040.0000 11139.0000 63153.0000 34092.0000 70935.0000 14957.0000 28398.0000 166694.0000
11639.0000 6532.0000 37669.0000 37305.0000 6031.0000 15385.0000 7549.0000 5160.0000 20001.0000 5971.0000 4462.0000 20040.0000 3062.0000 25073.0000 6931.0000 4519.0000 9040.0000 0.0000 2802.0000 30224.0000 7982.0000 14964.0000 4589.0000 6227.0000 12359.0000
1380.0000 806.0000 2885.0000 15418.0000 1041.0000 2957.0000 5550.0000 8750.0000 4291.0000 2131.0000 3239.0000 31780.0000 759.0000 1170.0000 4947.0000 886.0000 11139.0000 2802.0000 0.0000 1869.0000 3716.0000 11510.0000 3519.0000 569.0000 3520.0000
5261.0000 8184.0000 13200.0000 26221.0000 4128.0000 5035.0000 3089.0000 2583.0000 10604.0000 3579.0000 2309.0000 10822.0000 1255.0000 14272.0000 2676.0000 1742.0000 63153.0000 30224.0000 1869.0000 0.0000 5020.0000 6610.0000 2139.0000 5431.0000 13541.0000
5985.0000 3896.0000 7116.0000 42303.0000 5452.0000 7482.0000 9958.0000 7288.0000 11925.0000 6809.0000 16003.0000 16450.0000 6173.0000 8543.0000 8033.0000 4782.0000 34092.0000 7982.0000 3716.0000 5020.0000 0.0000 9942.0000 3276.0000 3820.0000 11799.0000
6731.0000 7333.0000 17165.0000 35303.0000 3344.0000 6758.0000 14110.0000 17481.0000 13091.0000 8455.0000 8381.0000 92083.0000 2974.0000 8064.0000 12692.0000 6453.0000 70935.0000 14964.0000 11510.0000 6610.0000 9942.0000 0.0000 35285.0000 2566.0000 19926.0000
2704.0000 3719.0000 4284.0000 13618.0000 1067.0000 2191.0000 4911.0000 7930.0000 4172.0000 2868.0000 3033.0000 32908.0000 1056.0000 1840.0000 6157.0000 2022.0000 14957.0000 4589.0000 3519.0000 2139.0000 3276.0000 35285.0000 0.0000 940.0000 4951.0000
12250.0000 2015.0000 8085.0000 17580.0000 4608.0000 6599.0000 2722.0000 1278.0000 12891.0000 2336.0000 1755.0000 3865.0000 1504.0000 20618.0000 3065.0000 3546.0000 28398.0000 6227.0000 569.0000 5431.0000 3820.0000 2566.0000 940.0000 0.0000 6237.0000
16132.0000 565.0000 51895.0000 40708.0000 7050.0000 14181.0000 10802.0000 8447.0000 19500.0000 5616.0000 7266.0000 24583.0000 4588.0000 20937.0000 12044.0000 5065.0000 166694.0000 12359.0000 3520.0000 13541.0000 11799.0000 19926.0000 4951.0000 6237.0000 0.0000
Lat Lon Places for 25 nodes
0.0000 0.0000 CAB_City_1
0.0000 0.0000 CAB_City_2
0.0000 0.0000 CAB_City_3
0.0000 0.0000 CAB_City_4
0.0000 0.0000 CAB_City_5
0.0000 0.0000 CAB_City_6
0.0000 0.0000 CAB_City_7
0.0000 0.0000 CAB_City_8
0.0000 0.0000 CAB_City_9
0.0000 0.0000 CAB_City_10
0.0000 0.0000 CAB_City_11
0.0000 0.0000 CAB_City_12
0.0000 0.0000 CAB_City_13
0.0000 0.0000 CAB_City_14
0.0000 0.0000 CAB_City_15
0.0000 0.0000 CAB_City_16
0.0000 0.0000 CAB_City_17
0.0000 0.0000 CAB_City_18
0.0000 0.0000 CAB_City_19
0.0000 0.0000 CAB_City_20
0.0000 0.0000 CAB_City_21
0.0000 0.0000 CAB_City_22
0.0000 0.0000 CAB_City_23
0.0000 0.0000 CAB_City_24
0.0000 0.0000 CAB_City_25
