Cost Matrix C for 10 nodes
0.0000 19961.0558 15695.1965 23247.4518 23046.6221 30371.3229 31577.9647 32743.3289 35819.1633 36032.7386
19961.0558 0.0000 20191.3269 12595.3942 24553.8757 18813.2166 29874.3369 25425.4077 38247.7978 30557.9375
15695.1965 20191.3269 0.0000 13742.8334 7366.8549 18671.4212 15890.6541 18296.5753 20875.2619 20739.3507
23247.4518 12595.3942 13742.8334 0.0000 14466.6139 7400.7147 17776.6791 12874.7552 26799.9361 17962.8483
23046.6221 24553.8757 7366.8549 14466.6139 0.0000 16356.9683 8627.1904 13047.3703 14115.8063 14158.7963
30371.3229 18813.2166 18671.4212 7400.7147 16356.9683 0.0000 15746.2163 7942.6234 25355.5091 13245.8021
31577.9647 29874.3369 15890.6541 17776.6791 8627.1904 15746.2163 0.0000 8784.1152 9609.3988 6701.5276
32743.3289 25425.4077 18296.5753 12874.7552 13047.3703 7942.6234 8784.1152 0.0000 18158.2649 5353.3637
35819.1633 38247.7978 20875.2619 26799.9361 14115.8063 25355.5091 9609.3988 18158.2649 0.0000 14475.3118
36032.7386 30557.9375 20739.3507 17962.8483 14158.7963 13245.8021 6701.5276 5353.3637 14475.3118 0.0000
Demand Matrix W for 10 nodes
75.4552 36.9922 54.5037 19.2699 20.0935 17.6508 56.7702 17.0805 18.8312 16.3857
25.7937 38.3756 24.9978 26.5762 18.2892 23.1688 38.1619 20.4121 12.4828 16.5975
66.8126 39.3154 51.1863 22.4085 24.2028 20.5144 70.5583 20.2420 22.9997 19.4240
17.3291 33.1196 18.7612 24.9080 16.3616 22.9295 40.1611 23.1463 11.4205 18.6702
17.4854 25.1370 21.1828 19.0930 23.4804 18.3063 73.4098 20.0877 23.8896 19.4343
11.6072 18.4419 12.1683 16.1154 11.1170 16.9428 37.1668 21.8289 9.5564 18.0663
82.3726 77.5351 90.4492 67.7920 95.0579 72.6356 312.2588 98.8267 110.0067 110.3684
35.1431 41.7345 36.2995 48.4153 35.7111 57.5781 173.3731 89.9460 41.2263 91.8254
12.1962 11.8995 15.3453 10.2390 18.9359 11.1586 67.8752 15.0642 23.6221 20.3726
21.7176 24.9639 22.8069 27.7902 23.0836 32.8917 109.0983 50.8466 30.2472 63.3278
Lat Lon Places for 10 nodes
20355.9660 16167.1272 AP_Node_1
39988.5920 19773.1978 AP_Node_2
23572.5490 31529.1840 AP_Node_3
37304.3696 32079.2494 AP_Node_4
24512.5132 38835.8261 AP_Node_5
40867.2539 38565.8845 AP_Node_6
27520.8405 46921.5160 AP_Node_7
36067.8779 44894.4907 AP_Node_8
19345.7109 51972.0409 AP_Node_9
33635.7492 49663.4794 AP_Node_10
