Cost Matrix C for 20 nodes
0.0000 11573.6804 18163.4117 36817.9243 15640.1776 17506.4238 22977.0757 32193.6353 20952.5862 25387.0625 29774.3794 36858.0810 26751.9221 32128.1505 32804.2329 37925.0773 32953.0535 34220.3670 35513.3869 37877.7835
11573.6804 0.0000 10075.2499 26434.7674 20170.3565 15388.6855 18942.3003 26082.0398 25120.7850 24313.4378 26951.7800 31700.0706 30086.0190 33114.8117 32450.7976 34167.9140 39186.6333 36810.5322 35922.9647 37001.7312
18163.4117 10075.2499 0.0000 19050.7086 18041.5314 9062.0162 10002.3991 16019.9452 21546.2611 16665.2414 17959.9538 21718.6865 25096.2441 26051.5936 24542.4715 24508.7677 35919.2379 30649.5340 28293.7517 28551.4992
36817.9243 26434.7674 19050.7086 0.0000 35430.3092 25402.2053 21685.6261 16710.3484 37344.3200 28039.1609 25187.4108 21074.0675 38771.9634 36106.9628 32963.2416 25973.2893 50490.8639 41666.3942 36607.8461 34468.8261
15640.1776 20170.3565 18041.5314 35430.3092 0.0000 10028.4382 14688.3148 24010.6429 5366.2213 12589.4448 17956.1344 26671.6861 11114.2966 16931.1091 18341.8242 26004.3257 19019.1665 18583.4232 20455.0014 23456.2158
17506.4238 15388.6855 9062.0162 25402.2053 10028.4382 0.0000 5700.3309 15371.2595 12646.2789 8954.6157 12422.6703 19463.0121 16055.9672 17818.3793 17078.3365 20454.7959 26912.2571 21947.3025 20537.7634 21748.4309
22977.0757 18942.3003 10002.3991 21685.6261 14688.3148 5700.3309 0.0000 9701.3802 15721.1786 7201.8259 8056.2827 13881.1249 17329.6471 16538.8389 14643.5543 15410.7877 28953.0927 21585.1442 18454.1055 18549.8622
32193.6353 26082.0398 16019.9452 16710.3484 24010.6429 15371.2595 9701.3802 0.0000 23932.9446 13082.6593 8882.2847 5995.9953 23694.4752 19746.0220 16389.2090 10097.2219 35284.7658 25348.3798 19941.1187 17808.6643
20952.5862 25120.7850 21546.2611 37344.3200 5366.2213 12646.2789 15721.1786 23932.9446 0.0000 11091.9870 16400.9183 25395.1123 5843.3436 12471.4265 14625.3843 23771.0485 14437.8663 13354.8418 16045.6825 19558.0603
25387.0625 24313.4378 16665.2414 28039.1609 12589.4448 8954.6157 7201.8259 13082.6593 11091.9870 0.0000 5429.5370 14370.1730 10804.8728 9416.2149 8138.3295 13425.6297 22528.1341 14384.9094 11718.1470 12831.7472
29774.3794 26951.7800 17959.9538 25187.4108 17956.1344 12422.6703 8056.2827 8882.2847 16400.9183 5429.5370 0.0000 8994.2660 15106.6996 10938.4825 7858.5132 8252.5068 26522.6153 16527.8168 11651.5470 10760.4857
36858.0810 31700.0706 21718.6865 21074.0675 26671.6861 19463.0121 13881.1249 5995.9953 25395.1123 14370.1730 8994.2660 0.0000 23738.7610 18141.7958 14399.9031 4937.8873 34705.1569 23551.4860 17273.9214 14102.7758
26751.9221 30086.0190 25096.2441 38771.9634 11114.2966 16055.9672 17329.6471 23694.4752 5843.3436 10804.8728 15106.6996 23738.7610 0.0000 7600.8208 10679.2635 21087.1501 11729.9307 7511.7751 11024.7077 15043.5353
32128.1505 33114.8117 26051.5936 36106.9628 16931.1091 17818.3793 16538.8389 19746.0220 12471.4265 9416.2149 10938.4825 18141.7958 7600.8208 0.0000 3778.9138 14578.1394 16764.7149 5602.4320 3574.8042 7450.0426
32804.2329 32450.7976 24542.4715 32963.2416 18341.8242 17078.3365 14643.5543 16389.2090 14625.3843 8138.3295 7858.5132 14399.9031 10679.2635 3778.9138 0.0000 10817.9997 20531.0382 9178.0835 3860.0123 5128.9362
37925.0773 34167.9140 24508.7677 25973.2893 26004.3257 20454.7959 15410.7877 10097.2219 23771.0485 13425.6297 8252.5068 4937.8873 21087.1501 14578.1394 10817.9997 0.0000 31342.7745 19656.4147 13060.7612 9438.3291
32953.0535 39186.6333 35919.2379 50490.8639 19019.1665 26912.2571 28953.0927 35284.7658 14437.8663 22528.1341 26522.6153 34705.1569 11729.9307 16764.7149 20531.0382 31342.7745 0.0000 12207.6459 18900.2828 23301.9332
34220.3670 36810.5322 30649.5340 41666.3942 18583.4232 21947.3025 21585.1442 25348.3798 13354.8418 14384.9094 16527.8168 23551.4860 7511.7751 5602.4320 9178.0835 19656.4147 12207.6459 0.0000 6769.7047 11122.8826
35513.3869 35922.9647 28293.7517 36607.8461 20455.0014 20537.7634 18454.1055 19941.1187 16045.6825 11718.1470 11651.5470 17273.9214 11024.7077 3574.8042 3860.0123 13060.7612 18900.2828 6769.7047 0.0000 4421.2332
37877.7835 37001.7312 28551.4992 34468.8261 23456.2158 21748.4309 18549.8622 17808.6643 19558.0603 12831.7472 10760.4857 14102.7758 15043.5353 7450.0426 5128.9362 9438.3291 23301.9332 11122.8826 4421.2332 0.0000
Demand Matrix W for 20 nodes
5.7055 9.8016 5.0281 3.1053 5.7656 5.6866 2.4818 2.1066 2.3855 2.3877 2.3952 1.9604 2.9287 8.9778 2.1168 2.3879 2.2211 2.2961 2.1457 1.9314
21.2421 38.7060 18.4625 10.3963 21.8162 21.2354 8.1254 6.5562 7.6169 7.7035 7.7244 5.5708 9.8371 35.0266 5.0026 7.5732 6.9880 7.3260 6.5039 5.8046
5.7632 9.9094 9.3290 8.6659 6.2064 7.6685 6.8707 5.1330 3.3055 5.4592 6.3865 4.1459 4.1371 15.1468 3.8809 5.5268 3.0623 3.2963 3.5025 4.3058
3.8202 6.3009 9.8078 10.5729 4.4173 6.7056 8.4170 6.1555 3.1405 6.3839 7.7832 4.8532 3.9169 14.9611 4.4803 6.5241 2.9171 3.2072 3.6895 5.0996
6.7295 11.7286 6.2644 4.0299 7.6787 7.0513 3.1319 2.9617 4.7365 3.6157 3.0608 2.8681 6.0218 19.6540 2.8146 3.7150 4.3592 4.4462 3.6718 2.8749
17.2065 31.1481 17.3790 11.6421 18.1449 18.3115 9.0892 7.2257 7.5531 8.2975 8.5242 6.0614 9.7227 35.1598 5.4381 8.2744 6.9203 7.2740 6.5717 6.3056
4.1663 6.9819 11.0957 11.9915 4.8161 7.4332 9.4375 6.8289 3.3513 7.0976 8.7358 5.2981 4.1907 16.9043 4.7928 7.1967 3.0699 3.4074 3.9202 5.5026
2.4381 3.7428 4.9264 5.1061 2.8457 3.6662 3.9738 4.6678 2.3577 3.5550 3.9564 4.9391 2.9102 16.1559 4.4717 6.6850 2.1786 2.7645 4.1264 5.1211
3.1136 4.9940 4.0667 3.5421 6.1671 4.4510 2.7787 3.5946 8.8047 4.8107 2.8265 3.9845 11.4038 36.7760 3.7185 5.3087 8.0716 8.1241 6.0689 4.0934
3.5529 5.8249 8.5082 9.0199 4.5386 6.0260 7.0252 5.6946 4.0148 5.8501 6.6058 4.8895 5.0657 20.1643 4.4292 6.6313 3.6845 4.0093 4.2295 5.0425
2.2192 3.3402 5.3556 5.7805 2.4132 3.6317 4.4311 3.4017 1.8136 3.4232 4.2008 2.8272 2.2087 8.5690 2.7605 3.6851 1.6755 1.8441 2.1620 2.7727
2.4259 3.6220 3.7293 3.5766 2.9502 3.1732 2.7512 5.5314 2.7222 3.1579 3.0726 6.8423 3.3712 23.0181 6.0216 9.3617 2.5214 3.5153 5.9638 7.1679
4.4838 7.5013 5.9912 5.1547 9.3298 6.5630 3.9553 5.2580 13.4954 7.1665 4.0314 5.8195 17.5686 57.4927 5.1982 7.9219 12.3491 12.4268 9.1489 6.0224
24.9188 45.4686 35.7642 30.6251 39.7065 34.8499 24.2033 34.3754 42.6771 31.7190 24.4487 38.3360 56.1852 181.0123 31.5791 54.1274 38.9816 46.2492 53.6596 41.5375
10.0347 17.4815 16.7831 15.7118 14.1382 14.4423 12.3329 25.4258 13.5309 14.7589 13.5042 31.2782 17.5559 120.8882 25.9374 43.9721 12.3889 21.2128 40.8693 33.7415
2.9706 4.6563 4.7305 4.5092 3.7318 3.9872 3.4560 7.2005 3.4061 4.0152 3.8662 8.9295 4.2651 30.6640 7.6801 12.3564 3.1361 4.4885 7.7739 9.4406
2.4719 3.8068 3.1711 2.8002 4.6865 3.4431 2.1901 2.7863 6.6378 3.6694 2.2433 3.0880 8.5351 27.2884 2.9898 4.0320 6.0954 6.1228 4.6107 3.1190
2.3500 3.5676 3.1202 2.8080 4.0250 3.1907 2.1740 3.0886 5.3291 3.2997 2.2765 3.5508 6.8068 25.2449 3.3449 4.6976 4.8976 6.5063 9.0438 3.5990
4.1696 6.9000 6.3163 5.7878 6.2786 5.7632 4.4648 8.1888 6.9036 5.8122 4.8174 9.8709 8.8586 49.5498 8.4471 13.6941 6.3267 13.2492 27.9705 10.4733
4.0161 6.6319 6.6069 6.2529 5.2301 5.5351 4.8142 10.3225 4.7176 5.6501 5.3795 12.8239 5.9666 44.7234 10.7898 17.9155 4.3266 6.3448 11.1717 13.7123
Lat Lon Places for 20 nodes
12944.3304 19522.6905 AP_Node_1
23487.7700 14749.2262 AP_Node_2
31004.3068 21458.3494 AP_Node_3
49728.4927 17946.3181 AP_Node_4
18262.3712 34230.9737 AP_Node_5
27200.4160 29683.3449 AP_Node_6
32659.9057 31322.7794 AP_Node_7
42235.1094 32882.3468 AP_Node_8
19237.5317 39507.8471 AP_Node_9
30240.5872 38106.0821 AP_Node_10
35623.7690 38814.0547 AP_Node_11
44607.9781 38388.8388 AP_Node_12
21747.0980 44784.8483 AP_Node_13
28875.4640 47422.8165 AP_Node_14
32361.1432 45963.2857 AP_Node_15
42755.6725 42966.1410 AP_Node_16
12890.3447 52475.6997 AP_Node_17
25061.0031 51526.1240 AP_Node_18
31592.4665 49745.9872 AP_Node_19
36010.0996 49567.6031 AP_Node_20
