Cost Matrix C for 40 nodes
0.0000 19964.3054 21206.1205 17458.8359 25761.7794 32657.7838 39966.6839 50438.6162 28597.2392 30570.3990 31342.4939 29779.0824 34415.6118 37319.1116 41041.6634 47009.3357 33046.6984 35926.8844 37439.7579 39546.6746 42250.7447 43375.5075 46902.9404 52198.2394 40659.9488 40548.4486 44221.9364 46528.4407 46075.3359 46541.5870 47228.9006 53482.6225 46697.7404 45794.2737 47802.4925 48230.9097 48119.8426 51262.3909 50669.1726 52340.4800
19964.3054 0.0000 8223.8798 22420.4542 13881.2791 20706.5239 28839.6289 43819.5318 9568.8890 10762.3723 12372.6641 12867.9628 17233.1957 20795.1285 24734.0210 31919.5675 13809.4216 15966.8336 17935.4190 20734.7782 23565.6457 25597.9288 29542.8095 36087.2039 21346.0722 20588.3822 24257.8361 26693.5369 26335.0147 27023.5724 28463.6147 36046.2942 30185.4919 26697.8234 28153.0741 28267.2584 28312.4202 31387.3407 31033.7509 32973.9903
21206.1205 8223.8798 0.0000 16831.7311 5978.9760 13256.9283 21399.0324 35757.8197 15710.6746 12451.4896 11405.0661 8682.5814 13248.4989 16128.5017 19910.1566 26310.3491 19022.2804 18544.2344 17688.4787 18877.5877 21418.7226 22209.6662 25696.8503 31208.5817 25727.4934 22766.3951 26049.3666 27133.4522 26402.9272 26402.7899 26349.0935 32278.6091 36600.4306 31108.6192 31454.1519 29751.1362 28574.4821 31880.0537 30627.8314 31865.4394
17458.8359 22420.4542 16831.7311 0.0000 17010.0586 21156.8260 26361.9675 33739.2810 31685.5540 29279.7267 27845.1364 23974.6192 27566.6299 29039.3880 31848.5273 35756.0789 35483.9683 35368.5537 33910.8736 34123.9531 36202.7315 35705.2268 38221.9980 41495.0734 42481.2076 39513.2045 42670.6066 43241.0384 42351.6436 41954.0982 40751.9112 44284.3607 52566.4068 47883.4300 48275.4323 46218.6741 44547.2394 47875.2293 46135.1180 46809.6633
25761.7794 13881.2791 5978.9760 17010.0586 0.0000 7359.1473 15449.2072 29938.2881 19747.2219 14427.6433 11825.2069 7302.0270 10557.7788 12352.2743 15674.0753 21247.7889 22219.8327 20083.7825 17342.4898 17138.0551 19197.4864 18955.6414 21900.0739 26514.7059 27934.0624 23628.8090 26405.3701 26444.4935 25485.3782 24977.2428 23813.3391 28309.7423 39988.3474 33100.2486 32624.3447 29681.4494 27675.4934 30993.5050 29140.5964 29813.5105
32657.7838 20706.5239 13256.9283 21156.8260 7359.1473 0.0000 8168.0658 23636.1647 24841.4793 18136.5670 14572.2366 10026.5565 9914.3710 9249.2057 11030.1062 14791.9974 26329.8930 22629.3852 18095.7084 16140.4649 17229.8772 15498.5010 17338.2753 20424.9795 30647.1730 25093.2633 27063.9104 25814.2678 24635.2681 23509.5985 20936.8714 23167.7168 43654.8368 35335.1679 33912.8634 29619.1176 26696.5098 29840.6116 27316.6927 27212.9619
39966.6839 28839.6289 21399.0324 26361.9675 15449.2072 8168.0658 0.0000 16505.2991 32271.9404 25110.9005 21334.4384 17356.4358 15511.1767 12971.8885 12035.4180 10907.2705 33177.8386 28640.6977 23201.1468 20060.4282 20013.7093 16872.7655 16758.1299 16562.5202 36410.9451 30162.9165 31341.9734 28985.6557 27684.2185 26027.7846 22139.8670 20829.3642 49825.9029 40572.9942 38406.1745 33087.2478 29452.1494 32202.2115 29123.6750 28125.9559
50438.6162 43819.5318 35757.8197 33739.2810 29938.2881 23636.1647 16505.2991 0.0000 48443.9318 41482.8030 37746.0627 33528.6728 32015.0775 29374.0323 27755.0026 23287.8845 49611.4820 45143.5079 39625.4913 36257.2916 35786.7972 32186.6346 30772.1616 26946.0640 52875.2665 46513.4393 47410.0733 44574.0307 43249.3080 41355.7394 36858.2845 32307.3693 66321.6009 56898.4830 54469.3096 48725.6718 44780.9656 47164.2135 43819.0017 42161.8692
28597.2392 9568.8890 15710.6746 31685.5540 19747.2219 24841.4793 32271.9404 48443.9318 0.0000 7545.5080 11281.1577 14936.6284 17520.3691 21067.8383 24580.2452 32105.4161 4449.4972 8927.8335 13688.4071 17689.7403 20345.5759 23547.5078 27604.5858 34970.9872 12068.3731 13107.9609 16745.7310 20257.5190 20311.2111 21650.3253 24584.0647 33500.1518 20960.6654 17295.0266 19253.7280 20727.5596 21911.7487 24548.5139 25090.6426 27616.6405
30570.3990 10762.3723 12451.4896 29279.7267 14427.6433 18136.5670 25110.9005 41482.8030 7545.5080 0.0000 3810.0327 8130.3220 10016.5942 13527.6405 17047.6548 24577.0756 8193.3497 6094.5427 7308.4176 10728.5067 13533.3782 16339.8906 20417.1780 27635.8726 13562.5796 10454.7273 13944.4527 15964.6445 15574.1424 16301.8970 18196.8667 26578.3078 25734.3034 18840.5584 19004.2504 17851.2450 17569.8600 20691.9920 20275.1129 22289.5607
31342.4939 12372.6641 11405.0661 27845.1364 11825.2069 14572.2366 21334.4384 37746.0627 11281.1577 3810.0327 0.0000 4791.4933 6239.2606 9818.4075 13473.7447 20994.3211 11866.5905 8350.0773 6304.8300 8380.6097 11200.5683 13383.0917 17416.1015 24380.5595 16343.6458 11840.9304 14832.8639 15739.8415 15054.8922 15254.3568 16128.7027 23805.7719 29096.3807 21364.0807 20813.8666 18404.1986 17207.8130 20497.7274 19440.8433 20998.0202
29779.0824 12867.9628 8682.5814 23974.6192 7302.0270 10026.5565 17356.4358 33528.6728 14936.6284 8130.3220 4791.4933 0.0000 4668.8439 7996.1573 11935.9799 19052.2786 16318.6446 13134.5656 10052.1914 10350.1302 12778.6824 13601.8109 17251.2084 23342.7295 21135.1386 16395.3830 19104.6184 19272.4937 18378.7670 18081.5721 17680.8443 23848.0094 33796.0244 26132.6372 25402.1535 22401.8960 20574.3981 23902.9797 22299.4115 23317.5016
34415.6118 17233.1957 13248.4989 27566.6299 10557.7788 9914.3710 15511.1767 32015.0775 17520.3691 10016.5942 6239.2606 4668.8439 0.0000 3672.2181 7543.7904 14949.6932 17798.4798 13157.2437 8187.5083 6701.8235 8641.8191 8963.3930 12584.5524 18854.0083 21044.3221 15210.3857 17176.2075 16314.0387 15239.2943 14511.0315 13351.4958 19180.4637 34352.6521 25527.8874 23998.4953 19915.1555 17395.3797 20671.1213 18626.9126 19263.7991
37319.1116 20795.1285 16128.5017 29039.3880 12352.2743 9249.2057 12971.8885 29374.0323 21067.8383 13527.6405 9818.4075 7996.1573 3672.2181 0.0000 3943.3265 11277.9340 21034.0677 15921.7431 10251.5994 7244.1472 7987.2000 6665.8909 9635.7747 15346.7425 23509.3770 17191.0658 18518.5012 16727.4004 15504.0675 14276.1980 11871.5015 16175.9324 36999.9687 27601.5179 25549.2415 20665.2552 17513.8025 20614.1828 18072.5853 18105.3317
41041.6634 24734.0210 19910.1566 31848.5273 15674.0753 11030.1062 12035.4180 27755.0026 24580.2452 17047.6548 13473.7447 11935.9799 7543.7904 3943.3265 0.0000 7530.7234 24128.8294 18594.1582 12566.5053 8691.1251 8058.9630 4911.4341 6374.5415 11412.8229 25699.2163 19034.8242 19661.0963 16984.6292 15674.2881 13993.0533 10362.8899 12637.8149 39253.4733 29297.8030 26715.3485 21110.3003 17416.8458 20198.6019 17217.3141 16576.1626
47009.3357 31919.5675 26310.3491 35756.0789 21247.7889 14791.9974 10907.2705 23287.8845 32105.4161 24577.0756 20994.3211 19052.2786 14949.6932 11277.9340 7530.7234 0.0000 31513.3861 25788.5609 19684.9252 15542.5349 13989.0558 10016.9835 7587.5046 5807.5171 32431.0932 25605.3274 25531.8314 21991.9931 20681.4490 18595.7819 13791.9598 9995.9141 45907.3392 35493.0981 32374.4660 26095.9907 21929.5577 24039.2754 20623.8079 18874.0220
33046.6984 13809.4216 19022.2804 35483.9683 22219.8327 26329.8930 33177.8386 49611.4820 4449.4972 8193.3497 11866.5905 16318.6446 17798.4798 21034.0677 24128.8294 31513.3861 0.0000 6172.1820 12041.7101 16269.2794 18626.1123 22230.6705 26159.7087 33690.6920 7624.7900 9461.5742 12904.4866 16850.7594 17115.8129 18737.0699 22306.9744 31586.4230 17775.9413 12903.4498 14826.2803 16770.2451 18468.6084 20834.3998 21781.9519 24523.4338
35926.8844 15966.8336 18544.2344 35368.5537 20083.7825 22629.3852 28640.6977 45143.5079 8927.8335 6094.5427 8350.0773 13134.5656 13157.2437 15921.7431 18594.1582 25788.5609 6172.1820 0.0000 6107.5220 10314.6111 12519.6383 16231.7671 20086.7495 27639.2578 8033.3481 4621.6979 8305.4128 11360.8806 11383.4373 12782.5416 16143.4910 25416.9272 21195.5790 13025.2129 12910.0789 12332.0437 13019.2261 15790.4908 16164.6787 18708.8264
37439.7579 17935.4190 17688.4787 33910.8736 17342.4898 18095.7084 23201.1468 39625.4913 13688.4071 7308.4176 6304.8300 10052.1914 8187.5083 10251.5994 12566.5053 19684.9252 12041.7101 6107.5220 0.0000 4232.4442 6683.5615 10189.4539 14135.0078 21651.6724 13273.3407 7044.9957 9150.4919 9445.1232 8754.9029 9117.6790 10997.3584 19822.2394 26800.8299 17428.0082 15828.6591 12352.0037 10903.0309 14195.5061 13231.9575 15038.6435
39546.6746 20734.7782 18877.5877 34123.9531 17138.0551 16140.4649 20060.4282 36257.2916 17689.7403 10728.5067 8380.6097 10350.1302 6701.8235 7244.1472 8691.1251 15542.5349 16269.2794 10314.6111 4232.4442 0.0000 2840.5572 5963.5210 9951.9677 17436.9695 17028.4501 10346.2186 11296.9202 9696.4568 8569.1245 7840.0989 7750.8580 15874.5300 30577.3279 20658.8085 18351.0567 13492.2238 10705.7663 13970.5840 12012.1086 12990.6621
42250.7447 23565.6457 21418.7226 36202.7315 19197.4864 17229.8772 20013.7093 35786.7972 20345.5759 13533.3782 11200.5683 12778.6824 8641.8191 7987.2000 8058.9630 13989.0558 18626.1123 12519.6383 6683.5615 2840.5572 0.0000 3978.1474 7579.0429 15138.5117 18492.9568 11641.9315 11709.3042 8979.6663 7691.8919 6292.5705 4979.4409 13155.3425 31925.4130 21556.3708 18720.6339 13074.2762 9589.9562 12632.5713 10151.1032 10624.7581
43375.5075 25597.9288 22209.6662 35705.2268 18955.6414 15498.5010 16872.7655 32186.6346 23547.5078 16339.8906 13383.0917 13601.8109 8963.3930 6665.8909 4911.4341 10016.9835 22230.6705 16231.7671 10189.4539 5963.5210 3978.1474 0.0000 4077.3434 11477.4071 22463.9032 15617.3231 15575.0916 12388.1355 11063.0597 9219.1725 5496.7291 10448.8948 35903.4334 25492.7322 22514.1195 16540.1878 12657.5098 15329.5228 12306.6824 11762.0673
46902.9404 29542.8095 25696.8503 38221.9980 21900.0739 17338.2753 16758.1299 30772.1616 27604.5858 20417.1780 17416.1015 17251.2084 12584.5524 9635.7747 6374.5415 7587.5046 26159.7087 20086.7495 14135.0078 9951.9677 7579.0429 4077.3434 0.0000 7559.5446 25856.0881 19005.1298 18396.3704 14558.5064 13271.6821 11115.6606 6215.5328 6597.5802 39112.9232 28418.5754 25047.6743 18608.9980 14387.0569 16454.9713 13057.7777 11519.0583
52198.2394 36087.2039 31208.5817 41495.0734 26514.7059 20424.9795 16562.5202 26946.0640 34970.9872 27635.8726 24380.5595 23342.7295 18854.0083 15346.7425 11412.8229 5807.5171 33690.6920 27639.2578 21651.6724 17436.9695 15138.5117 11477.4071 7559.5446 0.0000 33304.2571 26477.2836 25579.6554 21402.9566 20196.0147 17953.2622 12933.0390 5404.2612 46417.6400 35568.3476 31924.3911 25231.7901 20904.3398 22299.3644 18793.6173 16366.6899
40659.9488 21346.0722 25727.4934 42481.2076 27934.0624 30647.1730 36410.9451 52875.2665 12068.3731 13562.5796 16343.6458 21135.1386 21044.3221 23509.3770 25699.2163 32431.0932 7624.7900 8033.3481 13273.3407 17028.4501 18492.9568 22463.9032 25856.0881 33304.2571 0.0000 6859.4885 8430.4058 13094.9303 13900.3494 16027.2081 20659.9235 30094.5062 13554.8197 5416.1922 7446.5389 11309.1736 14418.6133 15815.2901 17795.1600 20882.0705
40548.4486 20588.3822 22766.3951 39513.2045 23628.8090 25093.2633 30162.9165 46513.4393 13107.9609 10454.7273 11840.9304 16395.3830 15210.3857 17191.0658 19034.8242 25605.3274 9461.5742 4621.6979 7044.9957 10346.2186 11641.9315 15617.3231 19005.1298 26477.2836 6859.4885 0.0000 3704.6616 7411.5064 7809.9688 9683.4179 13984.8902 23456.4384 20307.8460 10411.4052 9006.9811 7737.7527 9012.9569 11450.2980 12354.5150 15193.5162
44221.9364 24257.8361 26049.3666 42670.6066 26405.3701 27063.9104 31341.9734 47410.0733 16745.7310 13944.4527 14832.8639 19104.6184 17176.2075 18518.5012 19661.0963 25531.8314 12904.4866 8305.4128 9150.4919 11296.9202 11709.3042 15575.0916 18396.3704 25579.6554 8430.4058 3704.6616 0.0000 4668.7693 5569.7448 7784.7060 12679.6235 21946.0702 20861.0507 10022.6353 7069.1124 4033.1833 6017.5603 7944.2748 9417.7768 12468.5132
46528.4407 26693.5369 27133.4522 43241.0384 26444.4935 25814.2678 28985.6557 44574.0307 20257.5190 15964.6445 15739.8415 19272.4937 16314.0387 16727.4004 16984.6292 21991.9931 16850.7594 11360.8806 9445.1232 9696.4568 8979.6663 12388.1355 14558.5064 21402.9566 13094.9303 7411.5064 4668.7693 0.0000 1325.5956 3464.4407 8494.6308 17463.0202 25287.7679 14267.8440 10534.3389 4152.1198 1658.9776 4771.3276 4943.7998 7867.3724
46075.3359 26335.0147 26402.9272 42351.6436 25485.3782 24635.2681 27684.2185 43249.3080 20311.2111 15574.1424 15054.8922 18378.7670 15239.2943 15504.0675 15674.2881 20681.4490 17115.8129 11383.4373 8754.9029 8569.1245 7691.8919 11063.0597 13271.6821 20196.0147 13900.3494 7809.9688 5569.7448 1325.5956 0.0000 2250.9467 7265.8086 16390.0358 26370.0716 15401.7509 11787.1637 5477.5169 2195.6437 5524.3139 4798.9717 7409.9643
46541.5870 27023.5724 26402.7899 41954.0982 24977.2428 23509.5985 26027.7846 41355.7394 21650.3253 16301.8970 15254.3568 18081.5721 14511.0315 14276.1980 13993.0533 18595.7819 18737.0699 12782.5416 9117.6790 7840.0989 6292.5705 9219.1725 11115.6606 17953.2622 16027.2081 9683.4179 7784.7060 3464.4407 2250.9467 0.0000 5032.0525 14161.3646 28614.2677 17652.6951 13998.0261 7502.0388 3438.3387 6340.0478 4227.6491 6023.7284
47228.9006 28463.6147 26349.0935 40751.9112 23813.3391 20936.8714 22139.8670 36858.2845 24584.0647 18196.8667 16128.7027 17680.8443 13351.4958 11871.5015 10362.8899 13791.9598 22306.9744 16143.4910 10997.3584 7750.8580 4979.4409 5496.7291 6215.5328 12933.0390 20659.9235 13984.8902 12679.6235 8494.6308 7265.8086 5032.0525 0.0000 9472.1489 33540.0982 22640.6593 19028.9664 12452.5377 8187.5232 10305.9352 7021.3690 6278.3992
53482.6225 36046.2942 32278.6091 44284.3607 28309.7423 23167.7168 20829.3642 32307.3693 33500.1518 26578.3078 23805.7719 23848.0094 19180.4637 16175.9324 12637.8149 9995.9141 31586.4230 25416.9272 19822.2394 15874.5300 13155.3425 10448.8948 6597.5802 5404.2612 30094.5062 23456.4384 21946.0702 17463.0202 16390.0358 14161.3646 9472.1489 0.0000 42747.4179 31725.5258 27788.8986 20971.7535 16679.7326 17584.9527 14134.3175 11411.2989
46697.7404 30185.4919 36600.4306 52566.4068 39988.3474 43654.8368 49825.9029 66321.6009 20960.6654 25734.3034 29096.3807 33796.0244 34352.6521 36999.9687 39253.4733 45907.3392 17775.9413 21195.5790 26800.8299 30577.3279 31925.4130 35903.4334 39112.9232 46417.6400 13554.8197 20307.8460 20861.0507 25287.7679 26370.0716 28614.2677 33540.0982 42747.4179 0.0000 11083.5019 15429.3987 22126.5858 26206.2248 26365.3467 29253.5273 32389.5938
45794.2737 26697.8234 31108.6192 47883.4300 33100.2486 35335.1679 40572.9942 56898.4830 17295.0266 18840.5584 21364.0807 26132.6372 25527.8874 27601.5179 29297.8030 35493.0981 12903.4498 13025.2129 17428.0082 20658.8085 21556.3708 25492.7322 28418.5754 35568.3476 5416.1922 10411.4052 10022.6353 14267.8440 15401.7509 17652.6951 22640.6593 31725.5258 11083.5019 0.0000 4568.8244 11055.5229 15129.5743 15376.8281 18177.1185 21318.2305
47802.4925 28153.0741 31454.1519 48275.4323 32624.3447 33912.8634 38406.1745 54469.3096 19253.7280 19004.2504 20813.8666 25402.1535 23998.4953 25549.2415 26715.3485 32374.4660 14826.2803 12910.0789 15828.6591 18351.0567 18720.6339 22514.1195 25047.6743 31924.3911 7446.5389 9006.9811 7069.1124 10534.3389 11787.1637 13998.0261 19028.9664 27788.8986 15429.3987 4568.8244 0.0000 6836.6517 11110.8495 10937.1339 13927.2686 17031.9731
48230.9097 28267.2584 29751.1362 46218.6741 29681.4494 29619.1176 33087.2478 48725.6718 20727.5596 17851.2450 18404.1986 22401.8960 19915.1555 20665.2552 21110.3003 26095.9907 16770.2451 12332.0437 12352.0037 13492.2238 13074.2762 16540.1878 18608.9980 25231.7901 11309.1736 7737.7527 4033.1833 4152.1198 5477.5169 7502.0388 12452.5377 20971.7535 22126.5858 11055.5229 6836.6517 0.0000 4329.4208 4531.7994 7128.2082 10263.7104
48119.8426 28312.4202 28574.4821 44547.2394 27675.4934 26696.5098 29452.1494 44780.9656 21911.7487 17569.8600 17207.8130 20574.3981 17395.3797 17513.8025 17416.8458 21929.5577 18468.6084 13019.2261 10903.0309 10705.7663 9589.9562 12657.5098 14387.0569 20904.3398 14418.6133 9012.9569 6017.5603 1658.9776 2195.6437 3438.3387 8187.5232 16679.7326 26206.2248 15129.5743 11110.8495 4329.4208 0.0000 3328.8706 3405.4667 6464.0414
51262.3909 31387.3407 31880.0537 47875.2293 30993.5050 29840.6116 32202.2115 47164.2135 24548.5139 20691.9920 20497.7274 23902.9797 20671.1213 20614.1828 20198.6019 24039.2754 20834.3998 15790.4908 14195.5061 13970.5840 12632.5713 15329.5228 16454.9713 22299.3644 15815.2901 11450.2980 7944.2748 4771.3276 5524.3139 6340.0478 10305.9352 17584.9527 26365.3467 15376.8281 10937.1339 4531.7994 3328.8706 0.0000 3507.3453 6289.8909
50669.1726 31033.7509 30627.8314 46135.1180 29140.5964 27316.6927 29123.6750 43819.0017 25090.6426 20275.1129 19440.8433 22299.4115 18626.9126 18072.5853 17217.3141 20623.8079 21781.9519 16164.6787 13231.9575 12012.1086 10151.1032 12306.6824 13057.7777 18793.6173 17795.1600 12354.5150 9417.7768 4943.7998 4798.9717 4227.6491 7021.3690 14134.3175 29253.5273 18177.1185 13927.2686 7128.2082 3405.4667 3507.3453 0.0000 3150.4441
52340.4800 32973.9903 31865.4394 46809.6633 29813.5105 27212.9619 28125.9559 42161.8692 27616.6405 22289.5607 20998.0202 23317.5016 19263.7991 18105.3317 16576.1626 18874.0220 24523.4338 18708.8264 15038.6435 12990.6621 10624.7581 11762.0673 11519.0583 16366.6899 20882.0705 15193.5162 12468.5132 7867.3724 7409.9643 6023.7284 6278.3992 11411.2989 32389.5938 21318.2305 17031.9731 10263.7104 6464.0414 6289.8909 3150.4441 0.0000
Demand Matrix W for 40 nodes
0.6170 1.5107 1.7146 1.8335 1.4391 0.4517 0.7026 0.5130 0.7211 1.4140 0.6332 1.4972 0.6326 0.3558 0.5034 0.3581 0.5061 0.4519 0.4629 0.4964 0.6027 0.3608 0.4844 0.3357 0.4318 0.7173 1.0721 2.2127 0.3807 0.5583 0.4479 0.5121 0.3768 0.5238 0.4614 0.4632 0.5171 0.3629 0.4229 0.3703
0.9614 2.6164 3.0173 3.2362 2.4885 0.6488 1.1247 0.7651 1.1651 2.4654 1.0092 2.5469 1.0152 0.4782 0.7648 0.4803 0.7599 0.6676 0.6781 0.7503 0.9434 0.4883 0.6923 0.4481 0.6284 1.1511 1.7970 3.8960 0.4818 0.6959 0.6490 0.7788 0.5184 0.8021 0.6752 0.6963 0.7564 0.5093 0.6050 0.5332
3.7109 11.4962 13.4396 14.4377 10.9287 2.2814 4.5664 2.8113 4.7669 10.8941 4.1404 11.0977 4.1986 1.5811 3.0039 1.6412 2.8856 2.5105 2.5104 2.9519 3.8340 1.6626 2.4690 1.4489 2.2939 4.7366 7.7014 17.5503 1.4166 2.0061 2.4112 2.9836 1.7631 3.1819 2.4988 2.7027 2.8394 1.7714 2.1687 1.9784
1.5405 4.4944 5.2199 5.6089 4.2671 0.9852 1.8269 1.1917 1.9158 4.2394 1.6521 4.3452 1.6565 0.6892 1.2143 0.6968 1.1959 1.0249 1.0505 1.1907 1.5219 0.7059 1.0316 0.6213 0.9464 1.8602 3.0231 6.7519 0.6547 0.9252 0.9621 1.2162 0.7599 1.2832 1.0453 1.0792 1.1566 0.7365 0.8678 0.7898
1.1580 3.2460 3.7542 4.0305 4.3980 1.6181 3.1199 1.9799 1.6214 3.0609 1.2882 4.0940 2.9091 1.1396 2.0137 1.0331 1.1682 1.0160 1.2659 2.0315 2.6027 1.1563 1.5378 0.9263 0.9368 1.8259 2.9148 7.2641 0.9326 1.3280 1.4952 1.8261 0.7558 1.2586 1.0257 1.1329 1.3753 0.8315 1.3534 1.2291
0.4327 0.9264 1.0283 1.0964 2.1580 1.1550 2.1663 1.3998 0.6657 0.8585 0.4691 1.8172 2.0000 0.8219 1.3780 0.7083 0.5930 0.5284 0.7609 1.4009 1.8076 0.8199 1.0400 0.6417 0.5004 0.8741 1.3446 3.6232 0.6670 0.9534 0.9941 1.2114 0.4253 0.6226 0.5357 0.6019 0.8068 0.4889 0.9057 0.8175
0.5986 1.4611 1.6593 1.7753 3.5487 1.8328 3.5614 2.2490 1.0209 1.3670 0.6882 2.9672 3.3273 1.2869 2.2547 1.1001 0.8971 0.7823 1.1829 2.3005 2.9703 1.2929 1.6404 0.9851 0.7311 1.3746 2.1730 6.0393 0.9875 1.4076 1.5976 1.9525 0.5982 0.9557 0.7929 0.9225 1.2513 0.7262 1.4426 1.3117
0.5351 1.2254 1.3870 1.4793 2.9076 1.5187 2.9084 1.8541 0.8751 1.1544 0.6122 2.4381 2.7160 1.0868 1.8631 0.9376 0.7766 0.6847 1.0040 1.8966 2.4299 1.0900 1.3822 0.8456 0.6402 1.1710 1.8086 4.9401 0.8588 1.2265 1.3559 1.6181 0.5366 0.8266 0.6937 0.7980 1.0718 0.6403 1.2311 1.1143
0.6942 1.7657 2.0173 2.1604 1.9031 0.6334 1.0907 0.7458 1.6939 1.6566 0.9449 1.8844 0.9786 0.4642 0.8851 0.6861 1.6714 1.4500 1.2102 0.7865 0.9172 0.5189 1.0075 0.6186 1.3306 2.6701 4.2947 8.5265 0.6506 0.9195 0.9573 1.1684 1.0531 1.8219 1.4578 1.4450 1.3700 0.9091 0.8684 0.7866
1.1186 3.1510 3.6408 3.9101 2.9936 0.7342 1.3161 0.8772 1.3661 2.9621 1.1713 3.0507 1.1716 0.5176 0.8682 0.5223 0.8678 0.7474 0.7671 0.8519 1.0934 0.5313 0.7648 0.4771 0.7001 1.3211 2.1236 4.7092 0.5109 0.7336 0.7011 0.8881 0.5683 0.9159 0.7635 0.7798 0.8421 0.5506 0.6435 0.5764
1.6298 4.8126 5.5891 6.0091 4.6592 1.0904 2.0611 1.3285 2.3933 4.5304 1.8381 4.7100 1.8584 0.7543 1.4166 0.8528 1.7169 1.4757 1.3902 1.3484 1.7078 0.7914 1.2840 0.7566 1.3507 2.7462 4.4900 9.7378 0.7854 1.1000 1.2111 1.5330 1.0638 1.8666 1.4917 1.5249 1.5516 0.9889 1.0891 0.9934
2.6807 8.0834 9.4200 10.1299 9.0575 2.5720 5.0752 3.1773 3.5900 7.6311 2.9763 8.7871 4.7036 1.7728 3.2795 1.6769 2.3365 2.0239 2.2879 3.2710 4.2113 1.8137 2.5338 1.4869 1.8581 3.7676 6.1436 14.7883 1.4723 2.0804 2.4588 3.0715 1.4407 2.5493 2.0282 2.2292 2.5137 1.5174 2.2060 2.0170
0.8089 2.1985 2.5165 2.7035 5.5655 2.7995 5.5840 3.4709 1.4884 2.0451 0.9463 4.5952 5.2011 1.9175 3.4768 1.6176 1.2887 1.1049 1.7497 3.5513 4.6324 1.9283 2.4553 1.4312 1.0168 2.0218 3.3100 9.5768 1.4041 1.9866 2.3832 2.9926 0.8028 1.3807 1.1208 1.3243 1.8275 1.0047 2.1301 1.9543
0.3833 0.7756 0.8536 0.9084 1.7634 0.9673 1.7724 1.1642 0.5673 0.7153 0.3929 1.4988 1.6258 0.6932 1.1353 0.5992 0.5087 0.4490 0.6440 1.1526 1.4872 0.6880 0.8710 0.5407 0.4299 0.7221 1.1064 2.9111 0.5779 0.8243 0.8191 1.0017 0.3661 0.5204 0.4595 0.5029 0.6765 0.4115 0.7449 0.6733
0.4712 1.0801 1.2040 1.2885 2.3828 1.2265 2.3355 1.4942 0.8139 0.9928 0.5270 2.0182 2.1415 0.8601 1.6936 1.0910 0.7395 0.6452 0.8677 1.5790 1.9356 0.9302 1.6401 0.9730 0.6077 1.1205 1.7785 6.7424 0.9784 1.3786 1.5789 1.9674 0.5008 0.7791 0.6562 0.8830 1.3258 0.7745 1.4218 1.2970
0.3148 0.5720 0.6069 0.6434 0.8606 0.4564 0.7479 0.5285 0.5287 0.5103 0.3329 0.7881 0.6344 0.3377 0.9108 0.9723 0.5161 0.4569 0.4605 0.6477 0.6198 0.4708 1.4605 0.8656 0.4375 0.7445 1.1656 6.4695 0.8831 1.2316 1.3961 1.7426 0.3686 0.5301 0.4655 0.7598 1.2698 0.7563 1.2567 1.1457
0.3381 0.6317 0.6844 0.7265 0.8046 0.4063 0.6295 0.4612 1.1365 0.5785 0.5183 0.7762 0.5440 0.3134 0.5588 0.5050 1.2753 1.1040 0.8952 0.4738 0.5294 0.3536 0.7227 0.4590 1.0188 2.0018 3.2085 6.1720 0.4989 0.7166 0.6691 0.8211 0.8190 1.3785 1.1177 1.0804 1.0084 0.6835 0.6139 0.5503
0.6156 1.5283 1.7304 1.8528 2.0425 0.8133 1.4764 0.9751 3.0329 1.4192 1.2431 1.9134 1.3338 0.5875 1.3593 1.1715 3.4412 2.9842 2.3240 1.1177 1.2265 0.7170 1.7534 1.0495 2.7237 5.6595 9.2163 18.1792 1.0402 1.4628 1.7011 2.1173 2.0802 3.7938 2.9709 2.9552 2.6456 1.7314 1.5350 1.3942
0.3439 0.6724 0.7187 0.7653 1.1565 0.5938 1.0426 0.7051 0.9531 0.5983 0.4639 1.0196 0.8986 0.4255 0.7397 0.5176 1.0315 0.8883 0.8126 0.6855 0.8569 0.4513 0.7603 0.4717 0.8212 1.5936 2.5875 5.3687 0.5076 0.7290 0.6904 0.8902 0.6627 1.0992 0.9041 0.8816 0.8822 0.5780 0.6309 0.5644
0.6974 1.8391 2.0930 2.2479 4.4974 2.2605 4.4770 2.7952 1.2841 1.7031 0.8113 3.7312 4.1534 1.5477 2.9205 1.5169 1.1282 0.9669 1.4620 2.8901 3.7057 1.5918 2.3135 1.3440 0.8946 1.7564 2.8751 9.3330 1.3280 1.8647 2.2413 2.8095 0.7155 1.2071 0.9859 1.2376 1.7728 0.9965 2.0078 1.8394
0.3990 0.8529 0.9370 1.0012 2.0367 1.0873 2.0551 1.3243 0.6068 0.7769 0.4123 1.6919 1.8530 0.7541 1.2756 0.6442 0.5382 0.4751 0.6965 1.2901 1.7011 0.7485 0.9524 0.5788 0.4549 0.7819 1.2302 3.4207 0.6108 0.8704 0.8845 1.1264 0.3827 0.5549 0.4844 0.5367 0.7254 0.4330 0.8025 0.7269
0.3271 0.6402 0.6792 0.7228 1.4418 0.7897 1.4493 0.9518 0.4660 0.5635 0.3198 1.2078 1.2759 0.5482 0.9367 0.5453 0.4229 0.3775 0.5217 0.9148 1.1943 0.5569 0.8046 0.4914 0.3691 0.6027 0.9396 2.9785 0.5259 0.7533 0.7204 0.9539 0.3139 0.4240 0.3840 0.4390 0.6278 0.3758 0.6538 0.5896
0.4749 0.9944 1.0870 1.1578 1.5457 0.7461 1.3045 0.8839 0.9113 0.9028 0.5511 1.3987 1.1431 0.5453 1.6685 1.7766 0.8881 0.7778 0.7817 1.1643 1.0854 0.7996 2.6840 1.5793 0.7310 1.3455 2.1449 12.3361 1.5539 2.1541 2.6139 3.2504 0.6034 0.9397 0.7909 1.3800 2.3455 1.3725 2.3461 2.1442
0.3315 0.6251 0.6681 0.7090 0.9476 0.4899 0.8175 0.5706 0.5757 0.5604 0.3580 0.8655 0.7000 0.3628 1.0100 1.0763 0.5622 0.4941 0.4990 0.7129 0.6777 0.5098 1.6197 0.9594 0.4730 0.8216 1.2934 7.2437 0.9678 1.3458 1.5572 1.9402 0.3968 0.5815 0.5047 0.8397 1.4106 0.8352 1.3999 1.2777
0.3813 0.8029 0.8809 0.9408 1.0514 0.4786 0.7969 0.5568 1.5342 0.7297 0.6445 0.9930 0.6805 0.3494 0.7016 0.6221 1.7307 1.4881 1.1823 0.5804 0.6570 0.4061 0.9142 0.5580 1.3671 2.7697 4.5282 8.8839 0.5922 0.8415 0.8433 1.0791 1.0721 1.8822 1.5036 1.4587 1.3278 0.8796 0.7651 0.6924
0.8985 2.4011 2.7383 2.9414 3.2348 1.2264 2.3099 1.4911 4.8374 2.2286 1.9266 2.9989 2.0745 0.8509 2.1274 1.8069 5.5076 4.7690 3.6813 1.7224 1.9080 1.0602 2.7442 1.6032 4.3389 9.0930 14.8345 29.2462 1.5763 2.1883 2.6592 3.3403 3.3037 6.0910 4.7463 4.7181 4.2067 2.7349 2.3836 2.1813
1.4312 4.1047 4.7435 5.0987 5.5655 2.0077 3.9187 2.4708 8.3693 3.8484 3.3003 5.1463 3.6010 1.3737 3.6644 3.0903 9.5412 8.2885 6.3645 2.9669 3.2406 1.7633 4.7082 2.7320 7.5278 15.8963 25.8960 51.1213 2.6249 3.6393 4.6389 5.7673 5.6874 10.6064 8.2101 8.2354 7.3041 4.7357 4.1464 3.8039
4.7223 14.6606 17.1643 18.4621 20.8253 7.3657 15.0417 9.1939 13.5955 13.8934 7.3482 19.0551 14.1789 5.0497 14.8118 12.8089 13.2769 11.5704 10.5474 11.8402 12.5070 6.9378 19.5850 11.3107 10.5174 22.2436 36.1855 67.8094 10.5809 14.7341 19.5977 24.1235 7.8871 14.8007 11.4152 18.3885 25.5785 16.0413 17.5170 16.0702
0.9556 2.5461 2.9135 3.1249 3.8996 1.6066 3.0775 1.9630 2.9173 2.3780 1.4617 3.5201 2.8261 1.1240 3.7812 3.8490 3.0170 2.6199 2.3512 2.7033 2.5557 1.7050 5.8616 3.4092 2.3979 4.9162 7.9773 35.4277 3.2477 4.4905 5.8106 7.1869 1.8516 3.3149 2.6146 7.8192 12.9583 8.7602 5.2009 4.7649
1.7360 4.7970 5.5188 5.9243 7.9355 3.3414 6.5572 4.1141 4.3519 4.4910 2.4175 7.0431 6.0690 2.3138 8.6622 9.1334 4.2213 3.6727 3.6834 6.0211 5.4436 3.7999 13.9323 8.0751 3.3684 6.8734 11.1498 66.3334 7.6337 10.5655 13.8660 17.1085 2.5930 4.6295 3.6585 7.1204 12.1692 6.9816 12.4047 11.3710
0.4424 0.9336 1.0105 1.0795 1.4654 0.7059 1.2465 0.8389 0.8536 0.8334 0.4934 1.3138 1.0647 0.4975 1.5729 1.6815 0.8318 0.7167 0.7278 1.0847 1.0210 0.7435 2.5571 1.4888 0.6805 1.2454 2.0217 11.8450 1.4776 2.0434 2.4660 3.1044 0.5550 0.8664 0.7360 1.2948 2.2168 1.2860 2.2056 2.0221
0.4861 1.1084 1.2404 1.3260 1.7521 0.8071 1.4563 0.9674 1.0183 1.0266 0.5996 1.5804 1.3126 0.5812 1.9108 2.0353 0.9928 0.8647 0.8709 1.3317 1.2164 0.8854 3.0784 1.8052 0.8008 1.5384 2.4644 14.3329 1.7444 2.4147 3.0343 3.7517 0.6520 1.0628 0.8754 1.5823 2.6976 1.5735 2.7226 2.4903
0.3137 0.5480 0.5851 0.6197 0.6892 0.3676 0.5508 0.4126 0.9618 0.4985 0.4575 0.6742 0.4699 0.2975 0.4875 0.4432 1.0756 0.9331 0.7636 0.4122 0.4667 0.3220 0.6261 0.4055 0.8655 1.6660 2.6611 5.0885 0.4472 0.6474 0.5734 0.7038 0.7011 1.1550 0.9463 0.9106 0.8591 0.5844 0.5331 0.4740
0.4849 1.1253 1.2568 1.3452 1.4875 0.6267 1.0948 0.7420 2.1901 1.0361 0.9128 1.3987 0.9633 0.4595 0.9956 0.8601 2.4802 2.1488 1.6779 0.8156 0.9115 0.5432 1.2850 0.7714 1.9652 4.0384 6.5829 12.9559 0.7887 1.1065 1.2227 1.5321 1.5169 2.7225 2.1485 2.1175 1.9111 1.2561 1.1075 1.0044
0.3355 0.6155 0.6623 0.7022 0.7798 0.3993 0.6116 0.4518 1.0968 0.5629 0.5103 0.7555 0.5271 0.3143 0.5446 0.4910 1.2299 1.0684 0.8659 0.4626 0.5183 0.3521 0.7042 0.4501 0.9842 1.9283 3.0841 5.9172 0.4882 0.7025 0.6547 0.7973 0.7922 1.3277 1.0787 1.0419 0.9772 0.6626 0.6031 0.5389
0.4333 0.9657 1.0644 1.1386 1.3473 0.5938 1.0398 0.7048 1.4866 0.8787 0.6782 1.2466 0.8990 0.4336 1.0536 0.9994 1.6273 1.4035 1.1618 0.8094 0.8575 0.5487 1.5046 0.8919 1.2912 2.6031 4.2441 11.9995 0.8972 1.2569 1.4265 1.8190 1.0119 1.7658 1.4145 2.9712 4.3664 3.0375 1.2874 1.1696
0.8022 2.0679 2.3542 2.5252 3.1079 1.2985 2.4415 1.5768 2.4833 1.9234 1.2113 2.8189 2.2228 0.9035 2.8952 2.9109 2.5949 2.2367 1.9861 2.0987 2.0256 1.3339 4.4203 2.5766 2.0487 4.1852 6.8148 28.3201 2.4807 3.4329 4.3663 5.3957 1.5948 2.8369 2.2495 7.0566 11.6594 8.0168 3.9091 3.5812
0.4075 0.8920 0.9760 1.0446 1.3098 0.6001 1.0564 0.7131 1.0685 0.8035 0.5375 1.1955 0.9081 0.4304 1.1874 1.1952 1.1153 0.9567 0.8615 0.8659 0.8690 0.5890 1.8121 1.0619 0.8881 1.7366 2.8378 11.5771 1.0606 1.4729 1.7364 2.1957 0.7053 1.1897 0.9733 2.9698 4.9046 3.3897 1.5585 1.4245
0.6976 1.7270 1.9505 2.0905 2.7691 1.2251 2.2843 1.4848 1.5817 1.5991 0.8913 2.4800 2.0726 0.8603 3.0413 3.2394 1.5397 1.3235 1.3367 2.0979 1.9015 1.3592 4.9228 2.8706 1.2212 2.4196 3.9246 23.2798 2.7447 3.7848 4.8743 6.0310 0.9763 1.6586 1.3448 2.5124 4.3092 2.4903 4.3631 3.9977
0.4706 1.1209 1.2500 1.3410 1.7979 0.8149 1.5005 0.9833 1.0286 1.0206 0.5606 1.6032 1.3253 0.5560 1.9556 2.0862 1.0014 0.8530 0.8697 1.3459 1.2352 0.8836 3.1860 1.8445 0.7912 1.5346 2.5220 14.9969 1.7931 2.4673 3.1225 3.8877 0.6326 1.0590 0.8740 1.6136 2.7718 1.6004 2.7910 2.5605
Lat Lon Places for 40 nodes
7205.2899 7026.3410 AP_Node_1
15537.3633 25168.8338 AP_Node_2
22828.8092 21365.2808 AP_Node_3
24497.0000 4616.4208 AP_Node_4
28800.6396 21073.0541 AP_Node_5
36049.8173 22340.5202 AP_Node_6
44214.7406 22113.9646 AP_Node_7
57381.8260 12161.4394 AP_Node_8
14489.8783 34680.2171 AP_Node_9
21982.4473 33787.9724 AP_Node_10
25546.7243 32441.7636 AP_Node_11
28010.4378 28332.1987 AP_Node_12
31667.9751 31234.0127 AP_Node_13
35325.5769 31561.3272 AP_Node_14
39010.2701 32965.9126 AP_Node_15
46538.4663 32770.8332 AP_Node_16
15642.4087 38977.8559 AP_Node_17
21748.5960 39878.0270 AP_Node_18
27669.1984 38378.5965 AP_Node_19
31878.0724 37932.5423 AP_Node_20
34261.8218 39477.3735 AP_Node_21
37838.3365 37735.4782 AP_Node_22
41800.6129 38697.2968 AP_Node_23
49314.9356 37871.6639 AP_Node_24
17135.7459 46454.9788 AP_Node_25
23585.2635 44119.1051 AP_Node_26
25526.2133 47274.6133 AP_Node_27
30190.4184 47481.0028 AP_Node_28
31036.0944 46460.2013 AP_Node_29
33143.7098 45669.8100 AP_Node_30
37541.4906 43224.1860 AP_Node_31
47002.0614 42755.9911 AP_Node_32
5679.0732 53699.1342 AP_Node_33
16606.4290 51845.2443 AP_Node_34
21080.5197 52770.8083 AP_Node_35
27605.6012 50730.4364 AP_Node_36
31389.7981 48627.1681 AP_Node_37
31983.1497 51902.7311 AP_Node_38
34646.9700 49621.1675 AP_Node_39
37794.9846 49497.4656 AP_Node_40
