Cost Matrix C for 50 nodes
0.0000 21328.8597 22164.8180 19862.0785 17496.5479 25716.0828 29884.7905 37743.3693 44418.3443 50913.0563 29998.5039 30589.5155 32761.6829 30373.9541 32504.8747 35483.6120 36075.7160 40722.9951 43321.3982 50747.2483 33860.6278 35709.5694 37077.7726 40020.1702 40345.9333 42871.4716 43861.2257 45484.0052 48877.0137 53365.6634 42329.3183 41402.1033 43376.0031 45815.4242 47707.1425 47094.6417 46561.3039 47996.0125 48508.5300 54489.9241 47996.0052 47689.4342 47077.1860 48603.0249 49998.3486 49100.6128 51976.2203 50120.2470 52543.4648 53390.7828
21328.8597 0.0000 7483.3334 11748.1941 21620.1057 11095.4140 18559.7036 25462.6537 35245.6476 44539.5693 9695.6200 9297.3036 12015.4805 12211.2573 14594.8701 17248.2148 19877.9308 23340.9866 27011.6560 35433.7696 13282.4228 14530.5004 15861.0702 19530.6843 20776.6377 23082.0244 24931.5201 26967.0229 31075.0267 36719.3923 21656.9251 20073.7889 22061.7334 24531.4246 26651.1997 26158.6144 25967.3897 27356.4460 29034.1405 36326.6129 30177.1422 28354.0862 26166.0435 27340.7515 28756.3847 28087.5503 30851.3620 29284.7199 31767.6276 32994.8992
22164.8180 7483.3334 0.0000 5346.2668 16426.5840 4212.6262 11277.6210 18653.0410 28047.0123 37147.1888 15303.5991 11670.5575 11930.6433 8225.4989 10347.5767 13326.8335 14474.3927 18802.5058 21862.9105 29934.8962 18058.8166 17901.9724 16880.0416 18401.3993 18262.1772 20814.7883 21697.4969 23360.3191 26936.3060 31908.4540 25586.8661 21779.8668 23364.9545 25452.6186 26559.8159 25759.7200 24859.2133 26306.0119 26356.4003 32492.5903 35994.9136 33346.8624 29444.4419 29521.8354 29294.3995 27840.8041 30875.1924 28588.9656 30908.5621 31463.8869
19862.0785 11748.1941 5346.2668 0.0000 11134.8686 6605.7178 10261.3516 18211.1740 26322.5953 34603.7107 20475.2912 17004.8280 16946.4537 12171.4639 13776.1410 16618.4901 16387.2877 21184.8712 23509.4957 30905.8112 23368.2703 23239.2136 21950.1880 22798.1641 22035.7690 24598.8440 24885.6012 26228.2838 29275.1168 33523.9142 30927.9598 26893.8833 28373.2192 30335.9358 31113.1273 30218.0930 29056.0128 30492.1477 29717.4711 34913.6711 41220.9660 38676.0119 34732.9181 34649.3671 34012.4206 32315.0275 35399.0823 32875.4013 35084.7019 35320.9389
17496.5479 21620.1057 16426.5840 11134.8686 0.0000 17191.8984 16806.8427 23470.6385 27961.1633 33569.4093 31050.8665 28092.5621 28032.8385 22835.2477 24017.3707 26565.3004 25038.6868 29919.4617 31163.1460 37064.3326 34214.3954 34317.2784 33042.1904 33447.4395 32165.7809 34664.1908 34323.6810 35248.0261 37500.1718 40534.5869 41989.5230 37995.8291 39419.3337 41295.0438 41800.7289 40828.1743 39434.1265 40839.6533 39191.5115 43032.0213 51752.0975 49545.2669 45861.5519 45749.7763 44825.3542 42920.5618 46027.7043 43293.7957 45365.2544 45248.1348
25716.0828 11095.4140 4212.6262 6605.7178 17191.8984 0.0000 7510.9217 14516.0047 24150.7012 33512.1834 17234.3569 12323.8141 11147.2236 5657.0954 7174.1568 10050.7138 10456.4104 15008.0292 17822.7471 25781.1479 19316.3345 18364.7050 16103.0266 16303.8739 15430.2849 17994.0502 18383.9757 19845.6246 23163.8928 27894.7832 25978.9091 21051.8164 22333.9543 24125.0620 24650.5105 23715.1126 22478.4505 23910.3225 23181.9706 28773.8416 37407.8906 34214.6968 29324.5610 28762.9862 27638.2537 25812.2898 28909.7361 26310.7988 28496.0790 28716.9952
29884.7905 18559.7036 11277.6210 10261.3516 16806.8427 7510.9217 0.0000 7949.8760 16770.6728 26002.5856 24317.8866 18811.8086 16479.4007 10229.4999 9857.9094 11348.2917 8536.7234 13275.4013 14382.3614 20971.1445 25914.5344 24331.7346 20874.6179 19038.3516 16731.0517 18990.3695 17982.8423 18630.1961 20693.4268 24014.8775 31588.0052 25526.9129 26309.9219 27546.3878 27036.9835 25901.5977 24068.6032 25369.9388 22768.6907 26233.6143 43820.5140 40145.5234 34242.2813 32841.5948 30330.6097 27906.5648 30973.9679 27876.2148 29664.5106 29106.8811
37743.3693 25462.6537 18653.0410 18211.1740 23470.6385 14516.0047 7949.8760 0.0000 10379.2442 20452.9609 29460.3472 23398.4503 20075.2684 14661.3892 13017.1633 12589.8381 8092.8016 10441.9869 9112.8687 13593.7230 30195.0722 27843.8183 23307.3657 19593.4839 16252.3541 17737.9084 15417.8621 15055.2690 15483.4081 17227.2548 34236.7288 27182.7743 27341.0236 27863.1663 26269.7436 25021.0281 22738.3957 23767.2209 19472.0619 20506.8591 47255.7694 42932.1384 35894.8876 33559.9476 29645.9805 26754.2545 29568.8658 26163.6028 27399.9045 26073.9160
44418.3443 35245.6476 28047.0123 26322.5953 27961.1633 24150.7012 16770.6728 10379.2442 0.0000 10159.9369 39815.4774 33774.5365 30434.5409 25005.6543 23395.4013 22792.2364 18289.5901 19350.0820 16298.9724 14894.8255 40565.3411 38147.0405 33456.1680 29267.9732 25688.3238 26658.9170 23724.2487 22585.9505 21068.4136 19441.0540 44303.2645 37031.8610 36943.2154 37114.7664 34960.8376 33699.5788 31250.7542 32025.5511 26681.5296 24421.0279 57451.2391 52971.1996 45592.1411 42866.9070 38250.4608 35167.1832 37668.8375 34198.6349 34913.5848 32958.6604
50913.0563 44539.5693 37147.1888 34603.7107 33569.4093 33512.1834 26002.5856 20452.9609 10159.9369 0.0000 49739.0617 43772.4353 40527.1978 34947.1165 33449.4995 32944.5734 28438.0711 29382.1443 26063.8547 22653.7681 50637.0346 48281.3415 43615.8764 39376.6800 35763.7798 36601.5404 33534.9292 32186.6130 30033.0379 26956.1586 54458.8680 47159.5058 47015.1265 47083.5226 44748.8270 43494.5021 41012.1259 41683.4740 36041.5082 32365.6918 67610.4884 63121.6348 55672.8308 52831.4984 47977.0314 44846.9492 47190.7911 43737.6633 44215.5131 42010.7335
29998.5039 9695.6200 15303.5991 20475.2912 31050.8665 17234.3569 24317.8866 29460.3472 39815.4774 49739.0617 0.0000 6200.3837 10118.6379 14810.4177 16554.5870 18009.6706 22081.9398 23754.6744 27894.8902 36249.8115 3870.1828 6523.9901 10641.2275 16107.7813 18883.6030 20449.5365 23308.6001 25601.3126 30062.7788 36331.5888 12331.8694 12990.8557 15162.5419 17775.9434 20834.0220 20756.0823 21450.7465 22613.8765 26189.3579 34498.3647 20755.9017 18660.5933 17103.9400 19094.1898 22048.6177 22314.6392 24555.2609 23932.2206 26412.3117 28356.1708
30589.5155 9297.3036 11670.5575 17004.8280 28092.5621 12323.8141 18811.8086 23398.4503 33774.5365 43772.4353 6200.3837 0.0000 4040.0165 8854.6373 10415.4573 11816.5954 15896.0064 17640.6198 21757.7151 30162.1551 7104.4852 6235.0250 6592.5294 10997.7459 13204.0011 15089.5929 17635.4086 19885.1472 24299.2429 30461.8321 13927.6551 10856.1733 12788.3012 15236.4733 17437.4047 17027.5932 17108.6674 18436.3308 21024.8466 29027.1906 25126.4125 21924.9991 17834.1279 18355.7094 19460.1950 18893.2093 21589.9823 20198.1659 22701.4421 24174.8482
32761.6829 12015.4805 11930.6433 16946.4537 28032.8385 11147.2236 16479.4007 20075.2684 30434.5409 40527.1978 10118.6379 4040.0165 0.0000 6262.3341 7119.5505 7974.0364 12268.8208 13639.3503 17776.2764 26148.4572 10143.5983 7921.0767 5009.4486 7519.3712 9260.4307 11303.6469 13666.8091 15893.6415 20286.5487 26426.2203 15136.6096 9966.2695 11444.3188 13536.4006 14967.6550 14333.3454 13965.8984 15368.3261 17281.5105 25102.1683 27480.7181 23666.2778 18197.0807 17717.5337 17477.9471 16343.9173 19264.2305 17385.6759 19839.9120 20980.3586
30373.9541 12211.2573 8225.4989 12171.4639 22835.2477 5657.0954 10229.4999 14661.3892 25005.6543 34947.1165 14810.4177 8854.6373 6262.3341 0.0000 2393.3683 5248.1947 7812.8945 11183.4206 14802.4486 23244.7359 15873.8994 14106.3620 10898.4975 10649.9625 10057.9938 12620.7796 13523.1165 15293.9638 19122.5431 24555.6323 21396.2884 15757.7433 16872.6361 18546.9156 18993.8086 18065.6785 16895.1185 18335.0465 18135.5723 24563.7857 33626.1622 29921.0439 24293.0452 23370.3634 21990.1484 20163.1792 23257.3904 20705.6121 22934.8207 23315.0597
32504.8747 14594.8701 10347.5767 13776.1410 24017.3707 7174.1568 9857.9094 13017.1633 23395.4013 33449.4995 16554.5870 10415.4573 7119.5505 2393.3683 0.0000 2979.3709 5621.0700 8792.1240 12430.8124 20891.2860 17187.8896 15010.7635 11070.4073 9564.8655 8265.0769 10824.2543 11360.0937 13026.7714 16766.2826 22162.3757 21924.4941 15669.0211 16498.3256 17889.0847 17869.5313 16848.2221 15424.7421 16840.0249 16080.8426 22242.1674 34558.2700 30570.4865 24394.9389 23037.6019 21017.4174 18931.6791 22041.6289 19280.6912 21398.3456 21544.9257
35483.6120 17248.2148 13326.8335 16618.4901 26565.3004 10050.7138 11348.2917 12589.8381 22792.2364 32944.5734 18009.6706 11816.5954 7974.0364 5248.1947 2979.3709 0.0000 4510.1304 6137.2576 10074.6149 18561.3858 18035.9682 15386.4329 10717.7548 7722.6940 5610.3055 8101.3019 8386.0481 10059.6519 13895.2762 19485.3246 21656.5446 14780.9110 15239.3215 16263.1618 15721.4932 14615.8742 12951.0405 14324.8009 13137.8975 19315.7917 34680.6872 30354.0423 23562.2461 21705.3769 18991.1897 16656.8757 19752.3102 16809.3710 18808.8343 18763.4331
36075.7160 19877.9308 14474.3927 16387.2877 25038.6868 10456.4104 8536.7234 8092.8016 18289.5901 28438.0711 22081.9398 15896.0064 12268.8208 7812.8945 5621.0700 4510.1304 0.0000 4905.0816 7388.5246 15607.3510 22404.9066 19864.9921 15220.1230 11705.9300 8700.8445 10692.7110 9446.1237 10209.4323 12891.0008 17445.9421 26143.9712 19139.7928 19418.2145 20165.7426 19057.5203 17858.7521 15827.5781 17056.6437 14246.7817 18530.2705 39190.7763 34839.3630 27889.4094 25769.3518 22421.8489 19774.2554 22775.4387 19554.6543 21223.5337 20574.0388
40722.9951 23340.9866 18802.5058 21184.8712 29919.4617 15008.0292 13275.4013 10441.9869 19350.0820 29382.1443 23754.6744 17640.6198 13639.3503 11183.4206 8792.1240 6137.2576 4905.0816 0.0000 4165.0748 12526.6178 23276.3678 20228.5101 15024.9387 10096.4068 6412.4566 7387.2689 5049.4447 5354.9603 8156.8186 13380.0956 25408.0474 17907.8549 17638.5713 17775.4923 15879.7160 14623.1954 12303.2851 13327.9465 9576.5054 13769.6056 38728.8256 33956.4075 26298.2477 23525.5934 19244.6592 16317.4497 19130.9399 15740.3966 17095.4886 16083.5593
43321.3982 27011.6560 21862.9105 23509.4957 31163.1460 17822.7471 14382.3614 9112.8687 16298.9724 26063.8547 27894.8902 21757.7151 17776.2764 14802.4486 12430.8124 10074.6149 7388.5246 4165.0748 0.0000 8492.5931 27437.8630 24363.2607 19121.6007 13977.6601 10267.9880 10621.9740 7471.0919 6345.0180 6485.3849 10075.4876 29311.0676 21731.4448 21258.6458 21085.1306 18696.8090 17439.2106 14970.0822 15727.1438 10642.5306 11878.5342 42652.2515 37768.2868 29885.8012 26815.0629 21961.4711 18868.7493 21398.6902 17929.1915 18809.1365 17179.9700
50747.2483 35433.7696 29934.8962 30905.8112 37064.3326 25781.1479 20971.1445 13593.7230 14894.8255 22653.7681 36249.8115 30162.1551 26148.4572 23244.7359 20891.2860 18561.3858 15607.3510 12526.6178 8492.5931 0.0000 35546.6040 32312.6767 26976.3088 21466.1795 17906.0648 17424.5616 13999.0702 11890.9994 8207.9468 4546.2303 36487.0740 28855.6534 27972.5216 27208.5228 24082.0230 22922.2662 20451.2462 20698.6595 14559.3187 9739.3346 49757.2765 44606.9347 36302.1685 32678.6739 26946.3487 23781.8733 25607.0539 22308.8114 22268.8588 19755.2336
33860.6278 13282.4228 18058.8166 23368.2703 34214.3954 19316.3345 25914.5344 30195.0722 40565.3411 50637.0346 3870.1828 7104.4852 10143.5983 15873.8994 17187.8896 18035.9682 22404.9066 23276.3678 27437.8630 35546.6040 0.0000 3591.1164 8776.0573 14488.6630 17728.9820 18879.2195 22018.1849 24321.1967 28780.8073 35152.2332 8481.6067 9838.7720 11983.5168 14560.4286 17903.2470 17996.6416 19033.4095 20061.9118 24289.5382 32793.3007 18095.2127 15332.2803 13233.7578 15342.0628 18747.1515 19359.7051 21356.2288 21099.6176 23523.3619 25697.5103
35709.5694 14530.5004 17901.9724 23239.2136 34317.2784 18364.7050 24331.7346 27843.8183 38147.0405 48281.3415 6523.9901 6235.0250 7921.0767 14106.3620 15010.7635 15386.4329 19864.9921 20228.5101 24363.2607 32312.6767 3591.1164 0.0000 5354.5784 11037.4450 14418.2167 15405.3138 18615.9291 20909.8419 25351.1238 31738.1948 7694.3847 6477.4327 8649.3775 11260.3047 14434.4815 14465.7968 15445.9763 16489.6378 20724.7027 29249.1492 19559.7450 15886.7821 11741.1179 12911.0748 15525.6777 15904.7486 18050.3744 17597.8563 20046.2693 22151.4734
37077.7726 15861.0702 16880.0416 21950.1880 33042.1904 16103.0266 20874.6179 23307.3657 33456.1680 43615.8764 10641.2275 6592.5294 5009.4486 10898.4975 11070.4073 10717.7548 15220.1230 15024.9387 19121.6007 26976.3088 8776.0573 5354.5784 0.0000 5712.8524 9072.4488 10103.6712 13268.1969 15565.9314 20016.4987 26397.4591 10956.0794 4959.5126 6505.1839 8774.6352 10855.0733 10503.6795 10871.1568 12106.0582 15623.7054 24061.4066 23996.0577 19651.2515 13403.9310 12708.1339 12920.7271 12318.7277 14998.8204 13694.9345 16203.3061 17874.7939
40020.1702 19530.6843 18401.3993 22798.1641 33447.4395 16303.8739 19038.3516 19593.4839 29267.9732 39376.6800 16107.7813 10997.7459 7519.3712 10649.9625 9564.8655 7722.6940 11705.9300 10096.4068 13977.6601 21466.1795 14488.6630 11037.4450 5712.8524 0.0000 3711.8844 4395.4888 7593.5612 9877.8466 14313.6830 20701.6784 15337.7875 7812.9902 7747.5718 8543.5169 8353.3977 7419.9767 6541.2223 7977.0446 10106.9592 18410.8554 28676.2698 23860.0122 16343.2123 14068.0030 11452.7947 9517.1254 12607.5993 10190.7104 12549.4270 13480.7740
40345.9333 20776.6377 18262.1772 22035.7690 32165.7809 15430.2849 16731.0517 16252.3541 25688.3238 35763.7798 18883.6030 13204.0011 9260.4307 10057.9938 8265.0769 5610.3055 8700.8445 6412.4566 10267.9880 17906.0648 17728.9820 14418.2167 9072.4488 3711.8844 0.0000 2568.6541 4439.2363 6719.4492 11179.4716 17482.0463 19049.6343 11505.4853 11255.4662 11610.8410 10376.6922 9201.1571 7366.5652 8721.5046 8288.5891 15841.8933 32387.9664 27557.1304 19909.7657 17317.3143 13729.1262 11179.1005 14243.2580 11214.3247 13201.0225 13290.7953
42871.4716 23082.0244 20814.7883 24598.8440 34664.1908 17994.0502 18990.3695 17737.9084 26658.9170 36601.5404 20449.5365 15089.5929 11303.6469 12620.7796 10824.2543 8101.3019 10692.7110 7387.2689 10621.9740 17424.5616 18879.2195 15405.3138 10103.6712 4395.4888 2568.6541 0.0000 3428.8699 5606.5391 9972.7616 16367.6223 19070.2278 11434.5962 10703.9379 10483.4013 8533.4145 7289.8427 5136.2941 6383.6802 5980.6262 14048.8593 32371.8930 27321.4637 19284.4010 16229.9627 11912.4231 9112.1976 12084.4154 8889.4380 10740.4038 10723.8553
43861.2257 24931.5201 21697.4969 24885.6012 34323.6810 18383.9757 17982.8423 15417.8621 23724.2487 33534.9292 23308.6001 17635.4086 13666.8091 13523.1165 11360.0937 8386.0481 9446.1237 5049.4447 7471.0919 13999.0702 22018.1849 18615.9291 13268.1969 7593.5612 4439.2363 3428.8699 0.0000 2305.6397 6775.6203 13134.0567 22499.0949 14863.3831 14092.0658 13681.8458 11237.8535 9977.5684 7530.6961 8405.4101 4874.8254 11463.4699 35797.8448 30727.6959 22616.2485 19383.2494 14533.7115 11490.2364 14183.9649 10754.1633 12046.0571 11140.0800
45484.0052 26967.0229 23360.3191 26228.2838 35248.0261 19845.6246 18630.1961 15055.2690 22585.9505 32186.6130 25601.3126 19885.1472 15893.6415 15293.9638 13026.7714 10059.6519 10209.4323 5354.9603 6345.0180 11890.9994 24321.1967 20909.8419 15565.9314 9877.8466 6719.4492 5606.5391 2305.6397 0.0000 4470.7260 10832.1412 24610.9935 16989.9377 16085.5929 15445.7721 12644.7288 11412.7255 8905.4689 9497.0835 4418.3257 9359.5926 37866.8509 32726.5265 24489.3937 21055.9201 15803.4272 12661.7319 15082.8879 11612.7218 12476.8979 11021.4681
48877.0137 31075.0267 26936.3060 29275.1168 37500.1718 23163.8928 20693.4268 15483.4081 21068.4136 30033.0379 30062.7788 24299.2429 20286.5487 19122.5431 16766.2826 13895.2762 12891.0008 8156.8186 6485.3849 8207.9468 28780.8073 25351.1238 20016.4987 14313.6830 11179.4716 9972.7616 6775.6203 4470.7260 0.0000 6394.8687 28743.2262 21178.1080 20087.7195 19126.4870 15895.3901 14754.9230 12311.0710 12496.9583 6352.5560 5639.2710 41893.0940 36642.9924 28234.5598 24512.2137 18739.2508 15573.9569 17464.6079 14123.5195 14250.7459 11982.8277
53365.6634 36719.3923 31908.4540 33523.9142 40534.5869 27894.7832 24014.8775 17227.2548 19441.0540 26956.1586 36331.5888 30461.8321 26426.2203 24555.6323 22162.3757 19485.3246 17445.9421 13380.0956 10075.4876 4546.2303 35152.2332 31738.1948 26397.4591 20701.6784 17482.0463 16367.6223 13134.0567 10832.1412 6394.8687 0.0000 35032.3241 27510.9891 26331.2799 25187.6058 21736.1214 20681.6919 18340.4548 18294.5645 12160.2232 5493.9553 48091.8511 42771.7056 34268.2183 30357.9870 24284.4483 21196.2392 22612.3912 19523.0907 19071.6543 16319.4789
42329.3183 21656.9251 25586.8661 30927.9598 41989.5230 25978.9091 31588.0052 34236.7288 44303.2645 54458.8680 12331.8694 13927.6551 15136.6096 21396.2884 21924.4941 21656.5446 26143.9712 25408.0474 29311.0676 36487.0740 8481.6067 7694.3847 10956.0794 15337.7875 19049.6343 19070.2278 22499.0949 24610.9935 28743.2262 35032.3241 0.0000 7636.8681 8734.5041 10434.1065 14289.3110 14960.3300 16927.2138 17413.1488 23050.7378 31509.3658 13342.5507 8697.6684 4924.1642 8218.3674 13600.5044 15466.9256 16365.1896 17433.7377 19452.6482 22201.0767
41402.1033 20073.7889 21779.8668 26893.8833 37995.8291 21051.8164 25526.9129 27182.7743 37031.8610 47159.5058 12990.8557 10856.1733 9966.2695 15757.7433 15669.0211 14780.9110 19139.7928 17907.8549 21731.4448 28855.6534 9838.7720 6477.4327 4959.5126 7812.9902 11505.4853 11434.5962 14863.3831 16989.9377 21178.1080 27510.9891 7636.8681 0.0000 2172.1871 4785.0879 8096.5390 8323.9097 9797.3659 10585.6167 15704.7042 24264.9227 20960.5568 16051.6591 8785.9744 7755.5446 9067.7335 9536.1054 11573.3208 11326.9752 13710.9345 16017.2954
43376.0031 22061.7334 23364.9545 28373.2192 39419.3337 22333.9543 26309.9219 27341.0236 36943.2154 47015.1265 15162.5419 12788.3012 11444.3188 16872.6361 16498.3256 15239.3215 19418.2145 17638.5713 21258.6458 27972.5216 11983.5168 8649.3775 6505.1839 7747.5718 11255.4662 10703.9379 14092.0658 16085.5929 20087.7195 26331.2799 8734.5041 2172.1871 0.0000 2613.9405 6052.0207 6434.4483 8210.5237 8811.8721 14316.2882 22790.6257 21810.5246 16644.3857 8659.7127 6539.4533 6905.6863 7454.2675 9402.3997 9302.3712 11633.0272 14045.9559
45815.4242 24531.4246 25452.6186 30335.9358 41295.0438 24125.0620 27546.3878 27863.1663 37114.7664 47083.5226 17775.9434 15236.4733 13536.4006 18546.9156 17889.0847 16263.1618 20165.7426 17775.4923 21085.1306 27208.5228 14560.4286 11260.3047 8774.6352 8543.5169 11610.8410 10483.4013 13681.8458 15445.7721 19126.4870 25187.6058 10434.1065 4785.0879 2613.9405 0.0000 3856.1635 4600.9534 6848.1430 7071.4283 13033.2960 21267.0181 22969.8229 17589.9970 9108.0889 5752.2352 4301.7253 5105.9476 6799.9569 7045.3424 9236.9563 11828.6666
47707.1425 26651.1997 26559.8159 31113.1273 41800.7289 24650.5105 27036.9835 26269.7436 34960.8376 44748.8270 20834.0220 17437.4047 14967.6550 18993.8086 17869.5313 15721.4932 19057.5203 15879.7160 18696.8090 24082.0230 17903.2470 14434.4815 10855.0733 8353.3977 10376.6922 8533.4145 11237.8535 12644.7288 15895.3901 21736.1214 14289.3110 8096.5390 6052.0207 3856.1635 0.0000 1262.4841 3743.4131 3441.5570 9611.8332 17568.8764 26655.3882 21203.5612 12604.5387 8633.8284 3381.0079 1483.9834 4317.1402 3251.2475 5620.2114 8015.6978
47094.6417 26158.6144 25759.7200 30218.0930 40828.1743 23715.1126 25901.5977 25021.0281 33699.5788 43494.5021 20756.0823 17027.5932 14333.3454 18065.6785 16848.2221 14615.8742 17858.7521 14623.1954 17439.2106 22922.2662 17996.6416 14465.7968 10503.6795 7419.9767 9201.1571 7289.8427 9977.5684 11412.7255 14754.9230 20681.6919 14960.3300 8323.9097 6434.4483 4600.9534 1262.4841 0.0000 2508.0715 2470.7998 8526.4268 16666.9891 27558.5959 22149.6965 13593.7994 9758.4531 4625.0062 2097.5212 5199.5797 3197.2372 5703.7906 7709.6481
46561.3039 25967.3897 24859.2133 29056.0128 39434.1265 22478.4505 24068.6032 22738.3957 31250.7542 41012.1259 21450.7465 17108.6674 13965.8984 16895.1185 15424.7421 12951.0405 15827.5781 12303.2851 14970.0822 20451.2462 19033.4095 15445.9763 10871.1568 6541.2223 7366.5652 5136.2941 7530.6961 8905.4689 12311.0710 18340.4548 16927.2138 9797.3659 8210.5237 6848.1430 3743.4131 2508.0715 0.0000 1446.7995 6194.2141 14582.9566 29780.6213 24432.3979 15944.9066 12231.7230 7003.0645 4016.1895 6948.2034 3862.4540 6051.2948 7066.7498
47996.0125 27356.4460 26306.0119 30492.1477 40839.6533 23910.3225 25369.9388 23767.2209 32025.5511 41683.4740 22613.8765 18436.3308 15368.3261 18335.0465 16840.0249 14324.8009 17056.6437 13327.9465 15727.1438 20698.6595 20061.9118 16489.6378 12106.0582 7977.0446 8721.5046 6383.6802 8405.4101 9497.0835 12496.9583 18294.5645 17413.1488 10585.6167 8811.8721 7071.4283 3441.5570 2470.7998 1446.7995 0.0000 6181.5187 14198.8397 30020.9084 24598.9103 16021.6144 12070.5969 6327.0539 3166.4490 5803.3874 2506.3183 4605.3191 5768.8028
48508.5300 29034.1405 26356.4003 29717.4711 39191.5115 23181.9706 22768.6907 19472.0619 26681.5296 36041.5082 26189.3579 21024.8466 17281.5105 18135.5723 16080.8426 13137.8975 14246.7817 9576.5054 10642.5306 14559.3187 24289.5382 20724.7027 15623.7054 10106.9592 8288.5891 5980.6262 4874.8254 4418.3257 6352.5560 12160.2232 23050.7378 15704.7042 14316.2882 13033.2960 9611.8332 8526.4268 6194.2141 6181.5187 0.0000 8582.3174 35974.0890 30622.6780 22108.0203 18245.6484 12387.0395 9224.0817 11192.8094 7797.3820 8232.1113 6603.1425
54489.9241 36326.6129 32492.5903 34913.6711 43032.0213 28773.8416 26233.6143 20506.8591 24421.0279 32365.6918 34498.3647 29027.1906 25102.1683 24563.7857 22242.1674 19315.7917 18530.2705 13769.6056 11878.5342 9739.3346 32793.3007 29249.1492 24061.4066 18410.8554 15841.8933 14048.8593 11463.4699 9359.5926 5639.2710 5493.9553 31509.3658 24264.9227 22790.6257 21267.0181 17568.8764 16666.9891 14582.9566 14198.8397 8582.3174 0.0000 44215.6277 38772.2354 30164.7221 26028.2772 19727.5093 16791.4111 17772.4976 14960.7980 14115.4478 11208.2378
47996.0052 30177.1422 35994.9136 41220.9660 51752.0975 37407.8906 43820.5140 47255.7694 57451.2391 67610.4884 20755.9017 25126.4125 27480.7181 33626.1622 34558.2700 34680.6872 39190.7763 38728.8256 42652.2515 49757.2765 18095.2127 19559.7450 23996.0577 28676.2698 32387.9664 32371.8930 35797.8448 37866.8509 41893.0940 48091.8511 13342.5507 20960.5568 21810.5246 22969.8229 26655.3882 27558.5959 29780.6213 30020.9084 35974.0890 44215.6277 0.0000 5564.5435 14145.3047 18533.3108 24962.8306 27553.6893 27491.0678 29488.4354 31053.6005 34027.9951
47689.4342 28354.0862 33346.8624 38676.0119 49545.2669 34214.6968 40145.5234 42932.1384 52971.1996 63121.6348 18660.5933 21924.9991 23666.2778 29921.0439 30570.4865 30354.0423 34839.3630 33956.4075 37768.2868 44606.9347 15332.2803 15886.7821 19651.2515 23860.0122 27557.1304 27321.4637 30727.6959 32726.5265 36642.9924 42771.7056 8697.6684 16051.6591 16644.3857 17589.9970 21203.5612 22149.6965 24432.3979 24598.9103 30622.6780 38772.2354 5564.5435 0.0000 8626.6304 12977.7999 19413.8683 22053.3701 21928.3526 23975.3322 25500.3871 28482.1559
47077.1860 26166.0435 29444.4419 34732.9181 45861.5519 29324.5610 34242.2813 35894.8876 45592.1411 55672.8308 17103.9400 17834.1279 18197.0807 24293.0452 24394.9389 23562.2461 27889.4094 26298.2477 29885.8012 36302.1685 13233.7578 11741.1179 13403.9310 16343.2123 19909.7657 19284.4010 22616.2485 24489.3937 28234.5598 34268.2183 4924.1642 8785.9744 8659.7127 9108.0889 12604.5387 13593.7994 15944.9066 16021.6144 22108.0203 30164.7221 14145.3047 8626.6304 0.0000 4469.5758 10836.5812 13426.9457 13432.4569 15349.9717 16931.5733 19890.3513
48603.0249 27340.7515 29521.8354 34649.3671 45749.7763 28762.9862 32841.5948 33559.9476 42866.9070 52831.4984 19094.1898 18355.7094 17717.5337 23370.3634 23037.6019 21705.3769 25769.3518 23525.5934 26815.0629 32678.6739 15342.0628 12911.0748 12708.1339 14068.0030 17317.3143 16229.9627 19383.2494 21055.9201 24512.2137 30357.9870 8218.3674 7755.5446 6539.4533 5752.2352 8633.8284 9758.4531 12231.7230 12070.5969 18245.6484 26028.2772 18533.3108 12977.7999 4469.5758 0.0000 6441.5803 9238.0784 8975.2030 11094.2593 12522.6590 15509.8908
49998.3486 28756.3847 29294.3995 34012.4206 44825.3542 27638.2537 30330.6097 29645.9805 38250.4608 47977.0314 22048.6177 19460.1950 17477.9471 21990.1484 21017.4174 18991.1897 22421.8489 19244.6592 21961.4711 26946.3487 18747.1515 15525.6777 12920.7271 11452.7947 13729.1262 11912.4231 14533.7115 15803.4272 18739.2508 24284.4483 13600.5044 9067.7335 6905.6863 4301.7253 3381.0079 4625.0062 7003.0645 6327.0539 12387.0395 19727.5093 24962.8306 19413.8683 10836.5812 6441.5803 0.0000 3174.1732 2768.8419 4779.1769 6095.0099 9068.9800
49100.6128 28087.5503 27840.8041 32315.0275 42920.5618 25812.2898 27906.5648 26754.2545 35167.1832 44846.9492 22314.6392 18893.2093 16343.9173 20163.1792 18931.6791 16656.8757 19774.2554 16317.4497 18868.7493 23781.8733 19359.7051 15904.7486 12318.7277 9517.1254 11179.1005 9112.1976 11490.2364 12661.7319 15573.9569 21196.2392 15466.9256 9536.1054 7454.2675 5105.9476 1483.9834 2097.5212 4016.1895 3166.4490 9224.0817 16791.4111 27553.6893 22053.3701 13426.9457 9238.0784 3174.1732 0.0000 3109.9625 1971.6159 4179.2211 6737.5227
51976.2203 30851.3620 30875.1924 35399.0823 46027.7043 28909.7361 30973.9679 29568.8658 37668.8375 47190.7911 24555.2609 21589.9823 19264.2305 23257.3904 22041.6289 19752.3102 22775.4387 19130.9399 21398.6902 25607.0539 21356.2288 18050.3744 14998.8204 12607.5993 14243.2580 12084.4154 14183.9649 15082.8879 17464.6079 22612.3912 16365.1896 11573.3208 9402.3997 6799.9569 4317.1402 5199.5797 6948.2034 5803.3874 11192.8094 17772.4976 27491.0678 21928.3526 13432.4569 8975.2030 2768.8419 3109.9625 0.0000 3470.4897 3705.8586 6728.4762
50120.2470 29284.7199 28588.9656 32875.4013 43293.7957 26310.7988 27876.2148 26163.6028 34198.6349 43737.6633 23932.2206 20198.1659 17385.6759 20705.6121 19280.6912 16809.3710 19554.6543 15740.3966 17929.1915 22308.8114 21099.6176 17597.8563 13694.9345 10190.7104 11214.3247 8889.4380 10754.1633 11612.7218 14123.5195 19523.0907 17433.7377 11326.9752 9302.3712 7045.3424 3251.2475 3197.2372 3862.4540 2506.3183 7797.3820 14960.7980 29488.4354 23975.3322 15349.9717 11094.2593 4779.1769 1971.6159 3470.4897 0.0000 2508.3788 4783.3508
52543.4648 31767.6276 30908.5621 35084.7019 45365.2544 28496.0790 29664.5106 27399.9045 34913.5848 44215.5131 26412.3117 22701.4421 19839.9120 22934.8207 21398.3456 18808.8343 21223.5337 17095.4886 18809.1365 22268.8588 23523.3619 20046.2693 16203.3061 12549.4270 13201.0225 10740.4038 12046.0571 12476.8979 14250.7459 19071.6543 19452.6482 13710.9345 11633.0272 9236.9563 5620.2114 5703.7906 6051.2948 4605.3191 8232.1113 14115.4478 31053.6005 25500.3871 16931.5733 12522.6590 6095.0099 4179.2211 3705.8586 2508.3788 0.0000 3026.4241
53390.7828 32994.8992 31463.8869 35320.9389 45248.1348 28716.9952 29106.8811 26073.9160 32958.6604 42010.7335 28356.1708 24174.8482 20980.3586 23315.0597 21544.9257 18763.4331 20574.0388 16083.5593 17179.9700 19755.2336 25697.5103 22151.4734 17874.7939 13480.7740 13290.7953 10723.8553 11140.0800 11021.4681 11982.8277 16319.4789 22201.0767 16017.2954 14045.9559 11828.6666 8015.6978 7709.6481 7066.7498 5768.8028 6603.1425 11208.2378 34027.9951 28482.1559 19890.3513 15509.8908 9068.9800 6737.5227 6728.4762 4783.3508 3026.4241 0.0000
Demand Matrix W for 50 nodes
0.5270 1.4207 0.7259 1.3496 1.4527 0.9916 0.6636 0.4807 0.3475 0.4230 0.3676 0.9040 0.8913 1.5278 0.3648 0.4596 0.2848 0.4066 0.2845 0.2144 0.3097 0.3017 0.3934 0.3308 0.3817 0.3763 0.3332 0.2596 0.3745 0.2299 0.2962 0.5216 0.6018 0.6826 2.1051 0.2648 0.3347 0.2882 0.3295 0.4221 0.2115 0.3004 0.4015 0.4728 0.2389 0.3856 0.2996 0.1724 0.3231 0.2725
0.8714 2.5265 1.2391 2.4032 2.5912 1.7220 1.1219 0.7815 0.5265 0.6751 0.5700 1.5848 1.5545 2.6946 0.5728 0.7597 0.4243 0.6530 0.4211 0.2804 0.4600 0.4554 0.6268 0.5089 0.6048 0.5865 0.5048 0.3955 0.5591 0.3162 0.4439 0.8610 1.0287 1.1479 3.7775 0.3397 0.4638 0.3684 0.4849 0.6888 0.2777 0.4510 0.6422 0.7777 0.3434 0.5885 0.4629 0.2276 0.4919 0.4130
0.5370 1.4280 0.7358 1.3613 1.4629 0.9969 0.6724 0.4888 0.3529 0.4312 0.3741 0.9189 0.9039 1.5335 0.3756 0.4696 0.2992 0.4191 0.2958 0.2248 0.3146 0.3121 0.4034 0.3412 0.3899 0.3859 0.3416 0.2814 0.3878 0.2388 0.3071 0.5440 0.6222 0.7012 2.1038 0.2742 0.3570 0.3068 0.3488 0.4373 0.2223 0.3123 0.4126 0.4825 0.2549 0.4012 0.3174 0.1906 0.3514 0.2922
3.7337 11.7317 5.4895 11.1260 12.0427 7.8232 4.9480 3.3273 2.0860 2.8102 2.3190 7.2558 7.1178 12.4950 2.4385 3.3672 1.7213 2.8042 1.7219 0.9839 1.7949 1.8223 2.6952 2.1361 2.6033 2.5004 2.0420 1.6415 2.2199 1.1216 1.7271 3.7921 4.7077 5.1061 17.6923 1.0757 1.7182 1.1338 1.9480 2.9904 0.9165 1.8593 2.7694 3.4111 1.3524 2.4141 1.9984 0.6712 2.0408 1.7486
0.9607 2.8110 1.3711 2.6735 2.8832 1.9099 1.2403 0.8605 0.5694 0.7417 0.6245 1.7603 1.7264 2.9975 0.6309 0.8332 0.4614 0.7193 0.4608 0.2999 0.5017 0.4887 0.6914 0.5588 0.6667 0.6429 0.5517 0.4203 0.6068 0.3327 0.4732 0.9363 1.1406 1.2649 4.1850 0.3619 0.4899 0.3782 0.5236 0.7522 0.2939 0.4945 0.7085 0.8597 0.3642 0.6353 0.5051 0.2142 0.5226 0.4457
0.8393 2.3938 1.1822 2.2765 2.4532 1.6359 1.0729 0.7555 0.5099 0.6562 0.5583 1.5125 1.4842 2.5681 0.5687 0.7436 0.4271 0.6426 0.4266 0.2871 0.4557 0.4521 0.6192 0.5085 0.5987 0.5737 0.4975 0.3986 0.5551 0.3161 0.4350 0.8440 0.9997 1.1102 3.5738 0.3454 0.4706 0.3724 0.4910 0.6711 0.2820 0.4547 0.6336 0.7599 0.3482 0.5870 0.4687 0.2275 0.4962 0.4212
0.5687 1.5626 0.7922 1.4877 1.6019 1.0855 4.3044 2.9024 1.7872 2.4624 0.7625 0.9904 1.0752 1.6687 2.1346 2.9360 1.5109 2.4599 1.2390 0.7114 0.6074 0.5990 0.8548 1.2940 2.2759 2.1027 1.7811 1.2929 1.5961 0.8205 0.5737 1.1716 1.4301 1.6905 6.6800 0.8039 1.2602 0.8408 1.4072 2.1266 0.3449 0.6062 0.8765 1.0674 0.5630 1.1571 0.8166 0.4308 1.4641 1.2539
0.4091 1.0141 0.5429 0.9662 1.0360 0.7226 2.6845 1.8304 1.1573 1.5632 0.5248 0.6642 0.7164 1.1012 1.3615 1.8554 0.9804 1.5602 0.8143 0.4972 0.4300 0.4322 0.5828 0.8479 1.4512 1.3463 1.1528 0.8482 1.0483 0.5659 0.4179 0.7996 0.9395 1.1075 4.1299 0.5656 0.8619 0.6098 0.9328 1.3628 0.2792 0.4356 0.5967 0.7094 0.4117 0.7848 0.5620 0.3350 0.9682 0.8251
0.2622 0.5530 0.3301 0.5303 0.5650 0.4191 1.3941 0.9697 0.6365 0.8370 0.3211 0.3794 0.4051 0.6047 0.7267 0.9619 0.5374 0.8254 0.4548 0.3015 0.2740 0.2675 0.3382 0.4715 0.7668 0.7266 0.6247 0.4603 0.5911 0.3329 0.2671 0.4495 0.5043 0.6089 2.0893 0.3615 0.4999 0.3872 0.5228 0.7195 0.1970 0.2633 0.3448 0.4027 0.2510 0.4519 0.3173 0.2149 0.5292 0.4485
0.4451 1.1354 0.6001 1.0835 1.1627 0.8037 3.0540 2.0731 1.2939 1.7641 0.5796 0.7385 0.7973 1.2221 1.5323 2.0890 1.0996 1.7602 0.9110 0.5437 0.4720 0.4658 0.6444 0.9491 1.6304 1.5132 1.2860 0.9492 1.1709 0.6183 0.4484 0.8764 1.0443 1.2372 4.7335 0.6206 0.9504 0.6595 1.0407 1.5281 0.2899 0.4720 0.6595 0.7919 0.4416 0.8653 0.6187 0.3503 1.0810 0.9221
0.2858 0.6279 0.3648 0.6014 0.6418 0.4686 0.6593 0.4797 0.3478 0.4235 1.0979 0.4255 0.6592 0.6819 0.3653 0.4602 0.2851 0.4071 0.5238 0.3368 0.8690 0.8734 1.2585 0.6827 0.3822 0.3767 0.3336 0.3905 0.6788 0.3751 0.8302 1.7493 2.1320 2.2780 6.7813 0.4007 0.5613 0.4275 0.6011 0.8402 0.4815 0.8915 1.2906 1.5723 0.5614 0.9131 0.7896 0.2769 0.6127 0.5201
0.9167 2.6709 1.3061 2.5404 2.7395 1.8174 1.1820 0.8217 0.5470 0.7089 0.5977 1.6739 1.6418 2.8485 0.6022 0.7938 0.4419 0.6861 0.4408 0.2897 0.4812 0.4702 0.6596 0.5339 0.6362 0.6151 0.5286 0.4067 0.5828 0.3234 0.4572 0.8978 1.0846 1.2069 3.9783 0.3506 0.4748 0.3726 0.5038 0.7206 0.2854 0.4728 0.6759 0.8193 0.3520 0.6109 0.4839 0.2193 0.5057 0.4292
0.6712 1.9226 0.9530 1.8282 1.9722 1.3231 0.9963 0.6915 0.4731 0.5959 0.8053 1.2009 1.2790 2.0439 0.4945 0.6527 0.3641 0.5662 0.4600 0.2995 0.6355 0.6312 0.9017 0.5834 0.5203 0.5191 0.4457 0.3817 0.6137 0.3345 0.6093 1.2466 1.5310 1.6665 5.3289 0.3615 0.4916 0.3831 0.5258 0.7716 0.3574 0.6337 0.9263 1.1320 0.4237 0.7250 0.5918 0.2347 0.5285 0.4488
3.5006 10.8793 5.1218 10.3359 11.1646 7.2507 4.6052 3.1073 1.9213 2.6378 2.1722 6.7280 6.6005 11.5784 2.2721 3.1180 1.6086 2.6228 1.6059 0.9204 1.6886 1.7021 2.5106 1.9915 2.4236 2.2565 1.9101 1.5252 2.0727 1.0585 1.6160 3.5150 4.3598 4.7417 16.3776 1.0365 1.6135 1.0881 1.8222 2.7772 0.8772 1.7376 2.5776 3.1711 1.2599 2.2516 1.8561 0.6375 1.8957 1.6244
0.5391 1.5019 0.7579 1.4285 1.5405 1.0453 2.6970 1.8254 1.1371 1.5527 0.5714 0.9415 0.9814 1.5961 1.3272 1.8098 0.9383 1.5301 0.7855 0.4614 0.4564 0.4406 0.6221 0.8387 1.4095 1.3259 1.1166 0.7902 1.0277 0.5252 0.4297 0.8368 1.0311 1.2141 4.6587 0.5433 0.7914 0.5553 0.8863 1.3415 0.2617 0.4377 0.6382 0.7798 0.3828 0.7738 0.5420 0.2771 0.9018 0.7741
0.6835 1.9620 0.9713 1.8656 2.0126 1.3491 5.4851 3.6849 2.2551 3.1216 0.9331 1.2252 1.3344 2.0859 2.6987 3.7298 1.8955 3.1176 1.5454 0.8705 0.7334 0.7258 1.0506 1.6162 2.8840 2.6617 2.2494 1.6133 1.9937 1.0102 0.6936 1.4499 1.7900 2.1139 8.5178 0.9749 1.5499 1.0131 1.7490 2.6914 0.3957 0.7305 1.0786 1.3244 0.6758 1.4305 1.0000 0.5062 1.8209 1.5632
0.2990 0.7039 0.3939 0.6721 0.7206 0.5185 1.8826 1.2889 0.8204 1.1031 0.3813 0.4608 0.4969 0.7547 0.9468 1.2699 0.6819 1.0850 0.5665 0.3540 0.3155 0.3064 0.4033 0.5898 1.0029 0.9486 0.8061 0.5721 0.7411 0.3957 0.3024 0.5367 0.6303 0.7639 2.8492 0.4219 0.5921 0.4399 0.6436 0.9367 0.2040 0.2977 0.4125 0.4936 0.2786 0.5437 0.3698 0.2241 0.6505 0.5555
0.3764 0.9471 0.5065 0.9027 0.9698 0.6789 2.5655 1.7443 1.0995 1.4874 0.4891 0.6107 0.6610 1.0195 1.2827 1.7464 0.9163 1.4738 0.7567 0.4577 0.3980 0.3940 0.5327 0.7890 1.3647 1.2754 1.0845 0.7764 0.9829 0.5208 0.3846 0.7267 0.8645 1.0262 3.9328 0.5299 0.7865 0.5564 0.8597 1.2772 0.2511 0.3903 0.5464 0.6559 0.3652 0.7224 0.5009 0.2943 0.8814 0.7550
0.2330 0.4877 0.2928 0.4649 0.4968 0.3746 0.7031 0.5022 0.3624 0.4394 0.3876 0.3280 0.3782 0.5323 0.3680 0.4728 0.2824 0.4157 0.9470 0.5529 0.3203 0.3111 0.4107 0.4948 0.3856 0.3871 0.3389 0.6075 1.2249 0.6344 0.3093 0.5504 0.6476 0.8415 6.0390 0.6381 0.9504 0.6630 1.0757 1.6071 0.2097 0.3043 0.4204 0.5030 0.5276 1.0205 0.7633 0.3559 1.1109 0.9507
0.1862 0.3255 0.2195 0.3084 0.3274 0.2694 0.4632 0.3442 0.2700 0.3063 0.2732 0.2307 0.2581 0.3706 0.2535 0.3125 0.2062 0.2832 0.5981 0.3702 0.2330 0.2310 0.2790 0.3266 0.2633 0.2769 0.2478 0.3833 0.7814 0.4155 0.2329 0.3720 0.4139 0.5408 3.6311 0.4399 0.6200 0.4584 0.6796 0.9920 0.1747 0.2186 0.2850 0.3309 0.3462 0.6503 0.4759 0.2472 0.6888 0.5884
0.1928 0.3317 0.2274 0.3201 0.3378 0.2730 0.3567 0.2779 0.2312 0.2532 0.5492 0.2429 0.3454 0.3715 0.2176 0.2581 0.1863 0.2369 0.2860 0.2152 0.4487 0.4395 0.6085 0.3558 0.2239 0.2327 0.2138 0.2163 0.3765 0.2308 0.4254 0.8239 0.9807 1.0672 3.0417 0.2656 0.3361 0.2886 0.3312 0.4248 0.2787 0.4474 0.6226 0.7462 0.2970 0.4689 0.3915 0.1808 0.3250 0.2732
0.2442 0.5086 0.3044 0.4821 0.5151 0.3907 0.5467 0.4006 0.3003 0.3534 0.9200 0.3440 0.5290 0.5649 0.2988 0.3699 0.2387 0.3327 0.4202 0.2825 0.7234 0.7197 1.0359 0.5598 0.3115 0.3165 0.2811 0.3126 0.5578 0.3119 0.6908 1.4358 1.7693 1.9058 5.7927 0.3403 0.4612 0.3654 0.4839 0.6917 0.3964 0.7236 1.0644 1.3047 0.4462 0.7443 0.6246 0.2326 0.4878 0.4102
0.5243 1.4291 0.7266 1.3566 1.4618 0.9985 1.5497 1.0602 0.6944 0.9071 2.6032 0.9033 1.5015 1.5346 0.7649 1.0358 0.5520 0.8797 1.1550 0.6734 2.0173 2.0498 3.0357 1.5767 0.8091 0.7805 0.6636 0.8378 1.4972 0.7744 1.9413 4.2741 5.2997 5.6123 17.3127 0.7561 1.1533 0.7989 1.3129 2.0042 1.0255 2.0962 3.1176 3.8389 1.2755 2.1101 1.8564 0.5241 1.3638 1.1666
0.2495 0.5605 0.3225 0.5301 0.5694 0.4244 1.0143 0.7075 0.4800 0.6101 0.6006 0.3642 0.4670 0.6082 0.5098 0.6694 0.3769 0.5825 0.6322 0.3856 0.4787 0.4672 0.6567 0.5482 0.5379 0.5306 0.4558 0.4758 0.8336 0.4386 0.4519 0.8920 1.0924 1.2549 5.1726 0.4573 0.6497 0.4760 0.7179 1.0750 0.2725 0.4614 0.6738 0.8238 0.4140 0.7756 0.5893 0.2599 0.7297 0.6207
0.5842 1.6415 0.8222 1.5602 1.6827 1.1368 4.5809 3.0819 1.8947 2.6129 0.7904 1.0276 1.1190 1.7512 2.2539 3.1109 1.5851 2.6028 1.2936 0.7318 0.6241 0.6140 0.8837 1.3525 2.4022 2.2250 1.8763 1.3445 1.6736 0.8490 0.5921 1.2132 1.4993 1.7681 7.0998 0.8319 1.2997 0.8597 1.4638 2.2425 0.3506 0.6211 0.9079 1.1095 0.5742 1.1993 0.8384 0.4392 1.5182 1.3041
0.2664 0.5936 0.3417 0.5651 0.6050 0.4449 1.6026 1.0976 0.7121 0.9388 0.3313 0.3933 0.4233 0.6525 0.7940 1.0677 0.5741 0.9136 0.4783 0.3089 0.2772 0.2734 0.3473 0.4975 0.8403 0.8090 0.6871 0.4802 0.6307 0.3461 0.2748 0.4668 0.5374 0.6476 2.4307 0.3719 0.5110 0.3926 0.5454 0.7938 0.1971 0.2652 0.3556 0.4183 0.2518 0.4690 0.3196 0.2147 0.5481 0.4673
0.2397 0.5338 0.3095 0.5047 0.5421 0.4063 1.4559 0.9976 0.6502 0.8542 0.2978 0.3463 0.3740 0.5811 0.7167 0.9612 0.5133 0.8234 0.4248 0.2782 0.2512 0.2449 0.3055 0.4448 0.7600 0.7350 0.6249 0.4216 0.5704 0.3124 0.2494 0.4131 0.4721 0.5764 2.1825 0.3392 0.4522 0.3534 0.4812 0.7137 0.1772 0.2309 0.3109 0.3698 0.2191 0.4177 0.2735 0.1863 0.4773 0.4044
0.2531 0.5719 0.3262 0.5381 0.5782 0.4309 1.0989 0.7595 0.5126 0.6533 0.3957 0.3704 0.4165 0.6270 0.5479 0.7222 0.4073 0.6283 0.8946 0.5233 0.3218 0.3159 0.4170 0.5375 0.5736 0.5697 0.4879 0.6160 1.1664 0.6003 0.3165 0.5646 0.6780 0.8579 5.6386 0.6053 0.8891 0.6226 1.0102 1.5392 0.2106 0.3056 0.4293 0.5153 0.4708 0.9426 0.6809 0.3174 1.0337 0.8874
0.3218 0.6865 0.4031 0.6475 0.6930 0.5217 0.9851 0.7005 0.4934 0.6102 0.5325 0.4598 0.5268 0.7609 0.5155 0.6603 0.3991 0.5848 1.3381 0.7796 0.4369 0.4350 0.5762 0.6906 0.5383 0.5396 0.4702 0.8568 1.7293 0.8966 0.4270 0.7844 0.9262 1.1864 8.6106 0.8844 1.3311 0.9269 1.5182 2.2946 0.2918 0.4301 0.5903 0.7018 0.7375 1.4465 1.0784 0.4993 1.5717 1.3463
0.2415 0.5168 0.3068 0.4935 0.5277 0.3944 0.7468 0.5314 0.3792 0.4640 0.4084 0.3455 0.4006 0.5619 0.3885 0.5019 0.2956 0.4396 1.0106 0.5869 0.3362 0.3263 0.4354 0.5256 0.4085 0.4079 0.3562 0.6486 1.3057 0.6743 0.3234 0.5835 0.6894 0.8966 6.4332 0.6741 1.0105 0.7009 1.1478 1.7196 0.2166 0.3201 0.4455 0.5344 0.5607 1.0875 0.8157 0.3766 1.1877 1.0167
0.2753 0.6282 0.3589 0.6002 0.6429 0.4686 0.6721 0.4803 0.3498 0.4209 1.1452 0.4142 0.6613 0.6820 0.3519 0.4508 0.2712 0.3970 0.5182 0.3293 0.8959 0.8939 1.3045 0.6887 0.3684 0.3716 0.3259 0.3683 0.6797 0.3684 0.8558 1.8122 2.2445 2.3996 7.3260 0.3945 0.5443 0.4117 0.5888 0.8584 0.4823 0.9090 1.3402 1.6438 0.5550 0.9232 0.7903 0.2605 0.5921 0.5054
0.5739 1.5523 0.7955 1.4745 1.5893 1.0911 1.6322 1.1231 0.7474 0.9634 2.8783 0.9770 1.6387 1.6631 0.8082 1.0861 0.5919 0.9294 1.2542 0.7327 2.2280 2.2509 3.3415 1.7150 0.8535 0.8329 0.7105 0.8861 1.6312 0.8443 2.1360 4.6883 5.8299 6.1827 19.0505 0.8338 1.2463 0.8708 1.4190 2.1733 1.1272 2.2988 3.4324 4.2330 1.3803 2.3073 2.0160 0.5660 1.4612 1.2538
0.8595 2.5223 1.2311 2.3978 2.5877 1.7191 2.6160 1.7713 1.1115 1.5071 4.6783 1.5707 2.6696 2.6832 1.2874 1.7581 0.9105 1.4839 2.0330 1.1315 3.6020 3.6769 5.4877 2.7979 1.3690 1.2873 1.0891 1.4600 2.6160 1.3190 3.4746 7.7553 9.6491 10.1874 31.5110 1.2544 1.9787 1.3130 2.3026 3.5556 1.7801 3.7621 5.6383 6.9632 2.2654 3.7692 3.3367 0.8722 2.4108 2.0695
0.8828 2.5429 1.2560 2.4178 2.6086 1.7461 2.6883 1.8263 1.1595 1.5566 4.6053 1.5873 2.6599 2.7071 1.3231 1.7994 0.9385 1.5237 2.1782 1.2164 3.5507 3.6195 5.3875 2.8091 1.4053 1.3322 1.1285 1.5416 2.8067 1.4128 3.4238 7.6053 9.4538 10.0217 31.8041 1.3600 2.1247 1.4169 2.4661 3.7965 1.7661 3.6968 5.5350 6.8331 2.3018 3.8683 3.3892 0.9199 2.5743 2.2099
4.6219 14.5036 6.7872 13.7779 14.8847 9.6305 16.0105 10.7048 6.4942 9.0448 10.3368 8.9592 10.8500 15.4352 7.8761 11.0006 5.5088 9.1107 13.3511 7.2866 7.9360 8.1577 12.1915 10.0397 8.4873 7.7510 6.6026 9.6043 17.1182 8.5474 7.7129 17.3020 21.5227 24.1682 64.1415 7.7977 12.8920 8.3696 15.1516 23.7063 3.8723 8.3423 12.5273 15.4826 11.8383 21.0477 18.1495 5.1522 16.1012 13.8221
0.7229 1.9896 1.0055 1.8900 2.0358 1.3809 2.5487 1.7389 1.1141 1.4860 2.0297 1.2588 1.6555 2.1333 1.2776 1.7299 0.9224 1.4664 3.0192 1.6867 1.5827 1.6045 2.3442 1.9561 1.3548 1.2795 1.0912 2.0012 3.8846 1.9642 1.5307 3.2867 4.0555 4.6606 27.7761 1.8503 2.9384 1.9607 3.4276 5.2993 0.8334 1.6313 2.4077 2.9552 5.8628 9.5105 9.1132 1.7562 3.6063 3.0920
0.4582 1.1033 0.6099 1.0525 1.1300 0.8091 1.7566 1.2182 0.8145 1.0497 0.8142 0.7148 0.8339 1.1855 0.8851 1.1752 0.6449 1.0105 2.0844 1.1860 0.6564 0.6439 0.8887 1.1035 0.9360 0.9096 0.7803 1.3662 2.6862 1.3714 0.6275 1.2096 1.4581 1.8746 13.5684 1.3336 2.0486 1.3966 2.3641 3.6062 0.3923 0.6368 0.9108 1.1051 1.1255 2.2277 1.6733 0.7449 2.4624 2.1109
1.4666 4.3159 2.0949 4.0935 4.4183 2.9311 6.2789 4.2302 2.6259 3.5884 3.0573 2.6890 3.2119 4.6141 3.0984 4.2764 2.1954 3.5777 9.0165 4.9500 2.3698 2.4140 3.5457 4.4139 3.3177 3.0818 2.6247 5.7970 11.5736 5.7964 2.2976 4.9924 6.1830 7.8399 60.8650 5.3352 8.6637 5.7012 10.2280 15.9647 1.2242 2.4524 3.6434 4.4824 4.8034 9.6549 7.3866 2.9871 10.8338 9.3003
0.3164 0.6979 0.4055 0.6643 0.7113 0.5273 1.0122 0.7151 0.5038 0.6221 0.5455 0.4618 0.5360 0.7608 0.5213 0.6759 0.3935 0.5912 1.3775 0.7959 0.4459 0.4332 0.5843 0.7085 0.5469 0.5459 0.4744 0.8795 1.7794 0.9154 0.4305 0.7877 0.9387 1.2166 8.8574 0.9069 1.3685 0.9448 1.5630 2.3597 0.2831 0.4271 0.5994 0.7206 0.7569 1.4814 1.1101 0.5029 1.6195 1.3873
0.3961 1.0184 0.5373 0.9677 1.0414 0.7275 1.4897 1.0243 0.6639 0.8774 0.7528 0.6515 0.7692 1.0985 0.7428 0.9909 0.5395 0.8528 2.0901 1.1665 0.5996 0.5918 0.8447 1.0382 0.7858 0.7568 0.6440 1.3309 2.6862 1.3576 0.5680 1.1628 1.4239 1.8244 13.9374 1.2844 2.0210 1.3504 2.3675 3.6617 0.3412 0.5980 0.8649 1.0551 1.1133 2.2405 1.6937 0.7184 2.4806 2.1307
0.1714 0.2578 0.1928 0.2491 0.2611 0.2237 0.2804 0.2270 0.2018 0.2103 0.4109 0.1972 0.2663 0.2998 0.1846 0.2071 0.1707 0.1985 0.2261 0.1845 0.3428 0.3335 0.4446 0.2733 0.1839 0.1997 0.1866 0.1729 0.3003 0.1951 0.3270 0.5917 0.6904 0.7619 2.0933 0.2316 0.2793 0.2560 0.2633 0.3210 0.2275 0.3354 0.4541 0.5380 0.2335 0.3610 0.2910 0.1628 0.2535 0.2142
0.2226 0.4531 0.2765 0.4313 0.4604 0.3522 0.4886 0.3607 0.2797 0.3201 0.8098 0.3070 0.4729 0.5011 0.2674 0.3295 0.2201 0.2995 0.3754 0.2562 0.6401 0.6343 0.9097 0.4902 0.2756 0.2891 0.2577 0.2687 0.4990 0.2838 0.6113 1.2531 1.5427 1.6636 5.0381 0.3134 0.4108 0.3333 0.4289 0.6089 0.3605 0.6404 0.9332 1.1398 0.3976 0.6581 0.5513 0.2110 0.4248 0.3612
0.3860 0.9729 0.5178 0.9248 0.9937 0.6956 1.0194 0.7149 0.4843 0.6191 1.7671 0.6276 1.0233 1.0503 0.5270 0.6861 0.3967 0.5996 0.7925 0.4738 1.3769 1.3924 2.0450 1.0642 0.5540 0.5416 0.4680 0.5755 1.0296 0.5420 1.3210 2.8647 3.5382 3.7611 11.4735 0.5503 0.8067 0.5793 0.9028 1.3396 0.7164 1.4194 2.0996 2.5800 0.8672 1.4365 1.2496 0.3824 0.9303 0.7942
0.2982 0.7012 0.3927 0.6695 0.7178 0.5168 0.7448 0.5301 0.3785 0.4629 1.2693 0.4592 0.7386 0.7518 0.3872 0.5006 0.2913 0.4371 0.5768 0.3593 0.9956 0.9948 1.4553 0.7667 0.4074 0.4070 0.3554 0.4113 0.7542 0.4018 0.9431 2.0220 2.4936 2.6603 8.0528 0.4278 0.5998 0.4459 0.6553 0.9547 0.5323 1.0165 1.4935 1.8305 0.6160 1.0283 0.8884 0.2816 0.6630 0.5662
0.2892 0.6695 0.3747 0.6327 0.6795 0.4967 0.8145 0.5756 0.4030 0.4990 0.8391 0.4370 0.5947 0.7376 0.4184 0.5381 0.3240 0.4761 0.8269 0.4925 0.6614 0.6578 0.9414 0.6582 0.4367 0.4391 0.3802 0.5504 1.0821 0.5674 0.6362 1.3037 1.6019 1.7962 8.8336 0.5669 0.8308 0.5930 0.9367 1.4280 0.3700 0.6606 0.9672 1.1829 2.0101 3.1979 3.1048 0.5776 0.9612 0.8218
0.6608 1.8022 0.9186 1.7158 1.8476 1.2572 2.3284 1.5929 1.0213 1.3628 1.8200 1.1420 1.4962 1.9238 1.1663 1.5757 0.8381 1.3375 2.7836 1.5586 1.4221 1.4259 2.0940 1.7738 1.2357 1.1714 0.9961 1.8404 3.5713 1.8103 1.3579 2.9171 3.6072 4.1729 24.9667 1.7101 2.7067 1.8127 3.1593 4.8608 0.7485 1.4560 2.1497 2.6395 5.1336 8.3747 7.9877 1.5777 3.3203 2.8474
0.3263 0.8185 0.4401 0.7776 0.8370 0.5929 1.0253 0.7104 0.4843 0.6119 0.9355 0.5205 0.7029 0.8775 0.5078 0.6714 0.3722 0.5817 1.0968 0.6275 0.7352 0.7239 1.0535 0.7918 0.5347 0.5317 0.4559 0.7157 1.4234 0.7234 0.6948 1.4489 1.7951 2.0435 11.2842 0.7201 1.0805 0.7414 1.2397 1.8930 0.3963 0.7325 1.0815 1.3280 2.8587 4.5445 4.4494 0.7720 1.2782 1.0973
0.3080 0.7101 0.3983 0.6741 0.7225 0.5236 1.0119 0.7121 0.4816 0.6170 0.5536 0.4691 0.5449 0.7744 0.5270 0.6852 0.3980 0.5989 1.3815 0.7923 0.4474 0.4411 0.6079 0.7193 0.5544 0.5396 0.4666 0.8969 1.7812 0.9178 0.4286 0.8298 0.9981 1.2707 9.2586 0.8848 1.3629 0.9375 1.5709 2.3988 0.2731 0.4404 0.6238 0.7530 0.8589 1.6396 1.2871 0.5237 1.6412 1.4053
0.4946 1.2988 0.6781 1.2334 1.3288 0.9240 1.9072 1.3053 0.8484 1.1170 0.9619 0.8209 0.9737 1.3917 0.9413 1.2642 0.6775 1.0822 2.6781 1.4895 0.7601 0.7470 1.0713 1.3230 0.9957 0.9616 0.8169 1.7005 3.4421 1.7348 0.7224 1.4718 1.8145 2.3319 17.8588 1.6439 2.5889 1.7220 3.0336 4.6885 0.4237 0.7505 1.1007 1.3476 1.4227 2.8655 2.1674 0.9066 3.1789 2.7289
0.3683 0.9581 0.5058 0.9121 0.9823 0.6863 1.4117 0.9682 0.6332 0.8294 0.7151 0.6062 0.7207 1.0192 0.6950 0.9324 0.4971 0.7982 1.9766 1.0952 0.5664 0.5521 0.7924 0.9780 0.7369 0.7140 0.6075 1.2530 2.5418 1.2777 0.5319 1.0787 1.3327 1.7215 13.1600 1.2197 1.9135 1.2697 2.2386 3.4490 0.3148 0.5541 0.8132 0.9962 1.0504 2.1126 1.5971 0.6712 2.3425 2.0109
Lat Lon Places for 50 nodes
7002.5706 5890.8253 AP_Node_1
15087.2347 25628.0607 AP_Node_2
21824.4890 22370.8098 AP_Node_3
23306.8857 17234.1700 AP_Node_4
24497.0000 6163.0849 AP_Node_5
25934.5383 23294.7763 AP_Node_6
32973.9626 20675.5301 AP_Node_7
40450.3028 23378.2816 AP_Node_8
49600.0663 18478.2265 AP_Node_9
57531.9775 12129.2815 AP_Node_10
13459.8048 35186.1212 AP_Node_11
19505.2314 33808.5961 AP_Node_12
23528.2157 34179.1783 AP_Node_13
26858.6606 28875.8808 AP_Node_14
29091.8122 29736.8372 AP_Node_15
31163.1179 31878.4122 AP_Node_16
34669.7864 29042.1201 AP_Node_17
37137.9593 33280.9818 AP_Node_18
41221.0185 32458.5004 AP_Node_19
49664.2398 33372.9138 AP_Node_20
14549.9025 38899.6104 AP_Node_21
18009.7654 39861.6217 AP_Node_22
23321.3393 39184.3533 AP_Node_23
29032.9900 39301.5218 AP_Node_24
32214.4394 37389.3332 AP_Node_25
33413.7703 39660.8061 AP_Node_26
36559.8456 38297.2230 AP_Node_27
38864.8848 38349.8404 AP_Node_28
43329.0628 38591.7187 AP_Node_29
49688.4576 37919.0796 AP_Node_30
15926.8193 47268.7055 AP_Node_31
22886.5183 44124.7679 AP_Node_32
24497.0000 45582.4186 AP_Node_33
26359.8848 47416.0884 AP_Node_34
30212.9288 47571.1649 AP_Node_35
30866.9361 46491.2851 AP_Node_36
32664.4131 44742.1427 AP_Node_37
33296.8053 46043.4147 AP_Node_38
38531.4221 42755.5645 AP_Node_39
47113.7231 42772.3555 AP_Node_40
4298.0778 53810.5732 AP_Node_41
9853.6634 53494.9575 AP_Node_42
18269.5636 51599.8649 AP_Node_43
22730.4308 51878.7416 AP_Node_44
29073.1011 50754.2463 AP_Node_45
31341.8763 48534.3286 AP_Node_46
31702.0000 51623.3701 AP_Node_47
33313.4325 48549.6779 AP_Node_48
35148.0601 50260.2642 AP_Node_49
38031.0878 49339.7241 AP_Node_50
